source dB 67.96921730041504

-----------------------------------------------------------------------------------------------------------------------------------------------------------------------------------------------------------------------------------------------------------------------------------------
68.191 	 68.191
71.894 	 71.894
56.980 	 56.980
37.111 	 37.111
30.168 	 30.168
30.068 	 30.068
37.958 	 37.958
25.639 	 25.639
25.540 	 25.540
22.835 	 22.835
anl
------------------------------------------------------an---------------------------------------------------------------------------------------------------------------------------------------------------------------------------------------------------------------------------------
19.063 	 19.063
15.064 	 15.064
14.055 	 14.055
11.629 	 11.629
9.517 	 9.517
7.643 	 7.643
7.912 	 7.912
6.097 	 6.097
5.183 	 5.183
3.909 	 3.909
el evil
-------------------------------------------------------e---------- --ev------------------------------------------------------------------------------------------------------------------------------------------------------------------i----------------------l------------------------
6.975 	 6.975
4.944 	 4.944
2.974 	 2.974
3.713 	 3.713
2.706 	 2.706
2.631 	 2.631
2.266 	 2.266
1.855 	 1.855
2.268 	 2.268
1.464 	 1.464
call evil
-----------------------------------------------------c-al----ll--  -e-v------------------------------------------------------------------------------------------------------------------------------------------------------------------i---------------------ll------------------------
1.245 	 1.245
Worked i=0 ctcloss=1.245178 bound=1600.000024
1.075 	 1.075
1.738 	 1.738
1.286 	 1.286
1.033 	 1.033
0.665 	 0.665
0.571 	 0.571
0.484 	 0.484
0.402 	 0.402
0.310 	 0.310
call evil
-----------------------------------------------------c-al---ll--  --e-v------------------------------------------------------------------------------------------------------------------------------------------------------------------i----------------------l------------------------
0.266 	 0.266
Worked i=0 ctcloss=0.266101 bound=1280.000091
0.343 	 0.343
0.242 	 0.242
0.190 	 0.190
0.173 	 0.173
0.190 	 0.190
0.155 	 0.155
0.167 	 0.167
0.143 	 0.143
0.124 	 0.124
call evil
-----------------------------------------------------c-al---lll-  --e-v------------------------------------------------------------------------------------------------------------------------------------------------------------------i---------------------ll------------------------
0.093 	 0.093
Worked i=0 ctcloss=0.092810 bound=1024.000049
0.136 	 0.136
0.100 	 0.100
0.086 	 0.086
0.063 	 0.063
0.064 	 0.064
0.044 	 0.044
0.071 	 0.071
0.097 	 0.097
0.046 	 0.046
call evil
-----------------------------------------------------c-al---ll--  --e-v------------------------------------------------------------------------------------------------------------------------------------------------------------------i---------------------ll------------------------
0.056 	 0.056
Worked i=0 ctcloss=0.055874 bound=819.200039
0.088 	 0.088
0.055 	 0.055
0.038 	 0.038
0.031 	 0.031
0.028 	 0.028
0.023 	 0.023
0.018 	 0.018
0.017 	 0.017
0.014 	 0.014
call evil
-----------------------------------------------------c-al---ll--  ---ev------------------------------------------------------------------------------------------------------------------------------------------------------------------i---------------------ll------------------------
0.012 	 0.012
Worked i=0 ctcloss=0.012235 bound=655.360043
0.033 	 0.033
0.023 	 0.023
0.034 	 0.034
0.023 	 0.023
0.014 	 0.014
0.012 	 0.012
0.012 	 0.012
0.009 	 0.009
0.011 	 0.011
call evil
-----------------------------------------------------c-al---ll--  ---ev------------------------------------------------------------------------------------------------------------------------------------------------------------------i---------------------ll------------------------
0.009 	 0.009
Worked i=0 ctcloss=0.009008 bound=524.288058
0.038 	 0.038
0.023 	 0.023
0.017 	 0.017
0.012 	 0.012
0.015 	 0.015
0.010 	 0.010
0.010 	 0.010
0.012 	 0.012
0.010 	 0.010
call evil
-----------------------------------------------------c-al---ll--  --e-v------------------------------------------------------------------------------------------------------------------------------------------------------------------i---------------------ll------------------------
0.008 	 0.008
Worked i=0 ctcloss=0.008252 bound=419.430465
0.087 	 0.087
0.020 	 0.020
0.019 	 0.019
0.014 	 0.014
0.011 	 0.011
0.013 	 0.013
0.012 	 0.012
0.009 	 0.009
0.008 	 0.008
call evil
-----------------------------------------------------c-al---ll--  ---ev------------------------------------------------------------------------------------------------------------------------------------------------------------------i---------------------ll------------------------
0.007 	 0.007
Worked i=0 ctcloss=0.006571 bound=335.544378
0.208 	 0.208
0.054 	 0.054
0.031 	 0.031
0.023 	 0.023
0.016 	 0.016
0.013 	 0.013
0.011 	 0.011
0.008 	 0.008
0.009 	 0.009
call evil
-----------------------------------------------------c-al---ll--  ---ev------------------------------------------------------------------------------------------------------------------------------------------------------------------i---------------------ll------------------------
0.007 	 0.007
Worked i=0 ctcloss=0.007317 bound=268.435508
0.405 	 0.405
0.144 	 0.144
0.105 	 0.105
0.062 	 0.062
0.031 	 0.031
0.032 	 0.032
0.029 	 0.029
0.016 	 0.016
0.015 	 0.015
call evil
-----------------------------------------------------c-al---ll--  ---ev------------------------------------------------------------------------------------------------------------------------------------------------------------------i---------------------ll------------------------
0.012 	 0.012
Worked i=0 ctcloss=0.012068 bound=214.748412
3.975 	 3.975
1.884 	 1.884
0.410 	 0.410
0.178 	 0.178
0.106 	 0.106
0.065 	 0.065
0.052 	 0.052
0.050 	 0.050
0.034 	 0.034
call evil
-----------------------------------------------------c-al---ll--  ---ev------------------------------------------------------------------------------------------------------------------------------------------------------------------i---------------------ll------------------------
0.027 	 0.027
Worked i=0 ctcloss=0.027228 bound=171.798736
3.710 	 3.710
1.358 	 1.358
0.470 	 0.470
0.321 	 0.321
0.249 	 0.249
0.176 	 0.176
0.127 	 0.127
0.090 	 0.090
0.070 	 0.070
call evil
-----------------------------------------------------c-al---ll--  ---ev------------------------------------------------------------------------------------------------------------------------------------------------------------------i---------------------ll------------------------
0.060 	 0.060
Worked i=0 ctcloss=0.060487 bound=137.438998
9.686 	 9.686
7.178 	 7.178
3.732 	 3.732
2.444 	 2.444
2.556 	 2.556
2.106 	 2.106
1.128 	 1.128
0.777 	 0.777
0.572 	 0.572
call evil
-----------------------------------------------------c-al---ll--  --e-v------------------------------------------------------------------------------------------------------------------------------------------------------------------i----------------------l------------------------
0.456 	 0.456
Worked i=0 ctcloss=0.456356 bound=109.951198
11.205 	 11.205
10.604 	 10.604
9.669 	 9.669
7.380 	 7.380
5.497 	 5.497
5.913 	 5.913
5.657 	 5.657
4.699 	 4.699
4.052 	 4.052
call evilo
-----------------------------------------------------c-al---ll--  --e-v------------------------------------------------------------------------------------------------------------------------------------------------------------------i---------------------lo------------------------
3.417 	 3.417
1.765 	 1.765
1.324 	 1.324
1.177 	 1.177
1.047 	 1.047
0.841 	 0.841
0.687 	 0.687
0.568 	 0.568
0.493 	 0.493
0.433 	 0.433
call evil
-----------------------------------------------------c-al---ll--  ---ev------------------------------------------------------------------------------------------------------------------------------------------------------------------i---------------------ll------------------------
0.375 	 0.375
Worked i=0 ctcloss=0.375071 bound=87.960958
9.952 	 9.952
9.383 	 9.383
8.557 	 8.557
7.798 	 7.798
5.685 	 5.685
4.494 	 4.494
3.856 	 3.856
3.679 	 3.679
3.252 	 3.252
call evil
-----------------------------------------------------c-al---l---  ---ev------------------------------------------------------------------------------------------------------------------------------------------------------------------i---------------------l-------------------------
2.549 	 2.549
Worked i=0 ctcloss=2.548907 bound=70.368767
24.854 	 24.854
23.101 	 23.101
20.390 	 20.390
16.560 	 16.560
13.584 	 13.584
11.567 	 11.567
10.427 	 10.427
9.787 	 9.787
9.238 	 9.238
call hev
-----------------------------------------------------cca-l------  --e-v------------------------------------------------------------------------------------------------------------------------------------------------------------------------------------------------------------------
8.517 	 8.517
7.446 	 7.446
7.011 	 7.011
6.083 	 6.083
5.507 	 5.507
5.000 	 5.000
4.576 	 4.576
4.034 	 4.034
3.712 	 3.712
3.362 	 3.362
call evil
------------------------------------------------------c-al--l---  ---ev-----------------------------------------------------------------------------------------------------------------------------------------------------------------i----------------------l-------------------------
3.183 	 3.183
Worked i=0 ctcloss=3.182586 bound=56.295015
19.695 	 19.695
18.667 	 18.667
17.444 	 17.444
14.874 	 14.874
14.100 	 14.100
12.864 	 12.864
11.903 	 11.903
11.284 	 11.284
9.905 	 9.905
cal ev
------------------------------------------------------c-al------- ---ev------------------------------------------------------------------------------------------------------------------------------------------------------------------------------------------------------------------
9.200 	 9.200
8.824 	 8.824
8.679 	 8.679
7.959 	 7.959
7.557 	 7.557
7.307 	 7.307
6.892 	 6.892
6.369 	 6.369
5.957 	 5.957
5.642 	 5.642
call evil
------------------------------------------------------c-al--l---- ---ev-----------------------------------------------------------------------------------------------------------------------------------------------------------------i----------------------l-------------------------
5.402 	 5.402
Worked i=0 ctcloss=5.402194 bound=45.036014
31.456 	 31.456
30.421 	 30.421
27.780 	 27.780
25.673 	 25.673
23.533 	 23.533
21.345 	 21.345
19.546 	 19.546
17.809 	 17.809
16.281 	 16.281
cal 
------------------------------------------------------c-al-------- ----------------------------------------------------------------------------------------------------------------------------------------------------------------------------------------------------------------------
14.921 	 14.921
13.818 	 13.818
13.003 	 13.003
12.705 	 12.705
12.630 	 12.630
12.637 	 12.637
12.329 	 12.329
11.933 	 11.933
11.505 	 11.505
11.059 	 11.059
call hev
------------------------------------------------------c-al--l----- --ev------------------------------------------------------------------------------------------------------------------------------------------------------------------------------------------------------------------
10.853 	 10.853
10.611 	 10.611
10.410 	 10.410
10.054 	 10.054
9.694 	 9.694
9.477 	 9.477
9.191 	 9.191
9.086 	 9.086
8.742 	 8.742
8.464 	 8.464
call hevi
------------------------------------------------------c-al--l----- --ev-----------------------------------------------------------------------------------------------------------------------------------------------------------------i------------------------------------------------
8.249 	 8.249
8.140 	 8.140
7.889 	 7.889
7.637 	 7.637
7.469 	 7.469
7.413 	 7.413
7.219 	 7.219
7.024 	 7.024
6.893 	 6.893
6.815 	 6.815
call hevi
------------------------------------------------------c-al--l----  --ev-----------------------------------------------------------------------------------------------------------------------------------------------------------------i------------------------------------------------
6.614 	 6.614
6.430 	 6.430
6.293 	 6.293
6.167 	 6.167
6.054 	 6.054
5.934 	 5.934
5.803 	 5.803
5.803 	 5.803
5.660 	 5.660
5.523 	 5.523
call hevi
------------------------------------------------------c-al--l---- ---ev-----------------------------------------------------------------------------------------------------------------------------------------------------------------i------------------------------------------------
5.470 	 5.470
5.357 	 5.357
5.274 	 5.274
5.248 	 5.248
5.183 	 5.183
5.060 	 5.060
5.045 	 5.045
4.962 	 4.962
4.906 	 4.906
4.858 	 4.858
call evil
------------------------------------------------------c-al--l---- ---ev-----------------------------------------------------------------------------------------------------------------------------------------------------------------i------------------------------------------------
4.801 	 4.801
Worked i=0 ctcloss=4.800779 bound=36.028814
26.056 	 26.056
25.954 	 25.954
25.790 	 25.790
24.980 	 24.980
24.340 	 24.340
23.575 	 23.575
22.485 	 22.485
21.310 	 21.310
20.368 	 20.368
ta
------------------------------------------------------t-a--------------------------------------------------------------------------------------------------------------------------------------------------------------------------------------------------------------------------------
19.709 	 19.709
19.269 	 19.269
18.905 	 18.905
18.709 	 18.709
18.168 	 18.168
17.537 	 17.537
17.378 	 17.378
17.096 	 17.096
17.060 	 17.060
16.546 	 16.546
cal 
------------------------------------------------------c-a--------- ----------------------------------------------------------------------------------------------------------------------------------------------------------------------------------------------------------------------
16.221 	 16.221
15.982 	 15.982
15.607 	 15.607
15.114 	 15.114
14.751 	 14.751
14.619 	 14.619
14.012 	 14.012
13.716 	 13.716
13.562 	 13.562
13.095 	 13.095
cal e
------------------------------------------------------c-al-------- ----------------------------------------------------------------------------------------------------------------------------------------------------------------------------------------------------------------------
12.873 	 12.873
13.120 	 13.120
12.742 	 12.742
12.612 	 12.612
12.535 	 12.535
12.323 	 12.323
12.284 	 12.284
12.152 	 12.152
11.960 	 11.960
11.939 	 11.939
cal e
------------------------------------------------------c-al-------- --e-------------------------------------------------------------------------------------------------------------------------------------------------------------------------------------------------------------------
11.933 	 11.933
11.838 	 11.838
11.732 	 11.732
11.665 	 11.665
11.588 	 11.588
11.505 	 11.505
11.408 	 11.408
11.394 	 11.394
11.317 	 11.317
11.278 	 11.278
call e
------------------------------------------------------c-al-------- --e-------------------------------------------------------------------------------------------------------------------------------------------------------------------------------------------------------------------
11.258 	 11.258
11.301 	 11.301
11.136 	 11.136
11.042 	 11.042
10.994 	 10.994
11.028 	 11.028
10.913 	 10.913
10.915 	 10.915
10.833 	 10.833
10.760 	 10.760
call e
------------------------------------------------------c-al-------- --e-------------------------------------------------------------------------------------------------------------------------------------------------------------------------------------------------------------------
10.797 	 10.797
10.739 	 10.739
10.663 	 10.663
10.618 	 10.618
10.574 	 10.574
10.611 	 10.611
10.557 	 10.557
10.526 	 10.526
10.475 	 10.475
10.429 	 10.429
call e
------------------------------------------------------c-al-------- --e-------------------------------------------------------------------------------------------------------------------------------------------------------------------------------------------------------------------
10.425 	 10.425
10.405 	 10.405
10.400 	 10.400
10.283 	 10.283
10.354 	 10.354
10.277 	 10.277
10.262 	 10.262
10.201 	 10.201
10.216 	 10.216
10.176 	 10.176
call e
------------------------------------------------------c-al-------- --e-------------------------------------------------------------------------------------------------------------------------------------------------------------------------------------------------------------------
10.183 	 10.183
10.113 	 10.113
10.119 	 10.119
10.089 	 10.089
10.036 	 10.036
10.022 	 10.022
10.002 	 10.002
9.979 	 9.979
9.878 	 9.878
9.890 	 9.890
call ev
------------------------------------------------------c-al-------- --e-------------------------------------------------------------------------------------------------------------------------------------------------------------------------------------------------------------------
9.915 	 9.915
9.871 	 9.871
9.794 	 9.794
9.849 	 9.849
9.837 	 9.837
9.783 	 9.783
9.659 	 9.659
9.803 	 9.803
9.734 	 9.734
9.714 	 9.714
call ev
------------------------------------------------------c-al-------- --e-------------------------------------------------------------------------------------------------------------------------------------------------------------------------------------------------------------------
9.753 	 9.753
9.669 	 9.669
9.675 	 9.675
9.671 	 9.671
9.630 	 9.630
9.650 	 9.650
9.608 	 9.608
9.582 	 9.582
9.642 	 9.642
9.600 	 9.600
call evi
------------------------------------------------------c-al-------- --e-------------------------------------------------------------------------------------------------------------------------------------------------------------------i-----------------------------------------------
9.619 	 9.619
9.586 	 9.586
9.522 	 9.522
9.467 	 9.467
9.579 	 9.579
9.673 	 9.673
9.465 	 9.465
9.497 	 9.497
9.482 	 9.482
9.501 	 9.501
call evi
------------------------------------------------------c-al-------- --e-------------------------------------------------------------------------------------------------------------------------------------------------------------------i-----------------------------------------------
9.452 	 9.452
9.443 	 9.443
9.494 	 9.494
9.439 	 9.439
9.497 	 9.497
9.531 	 9.531
9.565 	 9.565
9.563 	 9.563
9.556 	 9.556
9.415 	 9.415
call evi
------------------------------------------------------c-al-------- --e-------------------------------------------------------------------------------------------------------------------------------------------------------------------i-----------------------------------------------
9.399 	 9.399
9.479 	 9.479
9.419 	 9.419
9.398 	 9.398
9.407 	 9.407
9.377 	 9.377
9.326 	 9.326
9.463 	 9.463
9.423 	 9.423
9.311 	 9.311
call evi
------------------------------------------------------c-al-------- --e-------------------------------------------------------------------------------------------------------------------------------------------------------------------------------------------------------------------
9.374 	 9.374
9.436 	 9.436
9.300 	 9.300
9.353 	 9.353
9.301 	 9.301
9.344 	 9.344
9.364 	 9.364
9.452 	 9.452
9.339 	 9.339
9.335 	 9.335
call evi
------------------------------------------------------c-al-------- --e-------------------------------------------------------------------------------------------------------------------------------------------------------------------i-----------------------------------------------
9.314 	 9.314
9.328 	 9.328
9.335 	 9.335
9.318 	 9.318
9.335 	 9.335
9.272 	 9.272
9.276 	 9.276
9.348 	 9.348
9.330 	 9.330
9.263 	 9.263
call evi
------------------------------------------------------c-al-------- --e-------------------------------------------------------------------------------------------------------------------------------------------------------------------i-----------------------------------------------
9.341 	 9.341
9.264 	 9.264
9.280 	 9.280
9.332 	 9.332
9.231 	 9.231
9.240 	 9.240
9.307 	 9.307
9.344 	 9.344
9.332 	 9.332
9.293 	 9.293
call evi
------------------------------------------------------c-al-------- --e-------------------------------------------------------------------------------------------------------------------------------------------------------------------i-----------------------------------------------
9.344 	 9.344
9.234 	 9.234
9.290 	 9.290
9.281 	 9.281
9.275 	 9.275
9.257 	 9.257
9.340 	 9.340
9.222 	 9.222
9.241 	 9.241
9.232 	 9.232
call evi
------------------------------------------------------c-al-------- --e-------------------------------------------------------------------------------------------------------------------------------------------------------------------i-----------------------------------------------
9.218 	 9.218
9.261 	 9.261
9.240 	 9.240
9.208 	 9.208
9.208 	 9.208
9.310 	 9.310
9.225 	 9.225
9.291 	 9.291
9.245 	 9.245
9.266 	 9.266
call evi
------------------------------------------------------c-al-------- --e-------------------------------------------------------------------------------------------------------------------------------------------------------------------i-----------------------------------------------
9.236 	 9.236
9.280 	 9.280
9.242 	 9.242
9.300 	 9.300
9.201 	 9.201
9.186 	 9.186
9.229 	 9.229
9.231 	 9.231
9.284 	 9.284
9.221 	 9.221
call evi
------------------------------------------------------c-al-------- --e-------------------------------------------------------------------------------------------------------------------------------------------------------------------i-----------------------------------------------
9.220 	 9.220
9.207 	 9.207
9.181 	 9.181
9.309 	 9.309
9.221 	 9.221
9.264 	 9.264
9.231 	 9.231
9.184 	 9.184
9.225 	 9.225
9.277 	 9.277
call evi
------------------------------------------------------c-al-------- --e-------------------------------------------------------------------------------------------------------------------------------------------------------------------i-----------------------------------------------
9.287 	 9.287
9.201 	 9.201
9.203 	 9.203
9.284 	 9.284
9.185 	 9.185
9.227 	 9.227
9.191 	 9.191
9.250 	 9.250
9.195 	 9.195
9.184 	 9.184
call evi
------------------------------------------------------c-al-------- --e-------------------------------------------------------------------------------------------------------------------------------------------------------------------i-----------------------------------------------
9.129 	 9.129
9.170 	 9.170
9.245 	 9.245
9.248 	 9.248
9.190 	 9.190
9.223 	 9.223
9.205 	 9.205
9.142 	 9.142
9.248 	 9.248
9.157 	 9.157
call evi
------------------------------------------------------c-al-------- --e-------------------------------------------------------------------------------------------------------------------------------------------------------------------i-----------------------------------------------
9.117 	 9.117
9.183 	 9.183
9.156 	 9.156
9.235 	 9.235
9.177 	 9.177
9.187 	 9.187
9.188 	 9.188
9.174 	 9.174
9.159 	 9.159
9.192 	 9.192
call evi
------------------------------------------------------c-al-------- --e-------------------------------------------------------------------------------------------------------------------------------------------------------------------i-----------------------------------------------
9.206 	 9.206
9.156 	 9.156
9.223 	 9.223
9.192 	 9.192
9.193 	 9.193
9.223 	 9.223
9.241 	 9.241
9.198 	 9.198
9.201 	 9.201
9.234 	 9.234
call evi
------------------------------------------------------c-al-------- --e-------------------------------------------------------------------------------------------------------------------------------------------------------------------i-----------------------------------------------
9.189 	 9.189
9.197 	 9.197
9.225 	 9.225
9.221 	 9.221
9.245 	 9.245
9.215 	 9.215
9.218 	 9.218
9.134 	 9.134
9.161 	 9.161
9.249 	 9.249
call evi
------------------------------------------------------c-al-------- --e-------------------------------------------------------------------------------------------------------------------------------------------------------------------i-----------------------------------------------
9.130 	 9.130
9.178 	 9.178
9.251 	 9.251
9.176 	 9.176
9.136 	 9.136
9.144 	 9.144
9.222 	 9.222
9.175 	 9.175
9.157 	 9.157
9.190 	 9.190
call evi
------------------------------------------------------c-al-------- --e-------------------------------------------------------------------------------------------------------------------------------------------------------------------i-----------------------------------------------
9.231 	 9.231
9.180 	 9.180
9.214 	 9.214
9.218 	 9.218
9.133 	 9.133
9.193 	 9.193
9.141 	 9.141
9.289 	 9.289
9.179 	 9.179
9.173 	 9.173
call evi
------------------------------------------------------c-al-------- --e-------------------------------------------------------------------------------------------------------------------------------------------------------------------i-----------------------------------------------
9.185 	 9.185
9.211 	 9.211
9.133 	 9.133
9.220 	 9.220
9.151 	 9.151
9.137 	 9.137
9.278 	 9.278
9.162 	 9.162
9.187 	 9.187
9.176 	 9.176
call evi
------------------------------------------------------c-al-------- --e-------------------------------------------------------------------------------------------------------------------------------------------------------------------i-----------------------------------------------
9.151 	 9.151
9.205 	 9.205
9.198 	 9.198
9.160 	 9.160
9.166 	 9.166
9.225 	 9.225
9.155 	 9.155
9.146 	 9.146
9.218 	 9.218
9.165 	 9.165
call evi
------------------------------------------------------c-al-------- --e-------------------------------------------------------------------------------------------------------------------------------------------------------------------i-----------------------------------------------
9.108 	 9.108
9.220 	 9.220
9.220 	 9.220
9.087 	 9.087
9.121 	 9.121
9.117 	 9.117
9.200 	 9.200
9.206 	 9.206
9.169 	 9.169
9.152 	 9.152
call evi
------------------------------------------------------c-al-------- --e-------------------------------------------------------------------------------------------------------------------------------------------------------------------i-----------------------------------------------
9.140 	 9.140
9.104 	 9.104
9.092 	 9.092
9.136 	 9.136
9.141 	 9.141
9.131 	 9.131
9.159 	 9.159
9.136 	 9.136
9.167 	 9.167
9.221 	 9.221
call evi
------------------------------------------------------c-al-------- --e-------------------------------------------------------------------------------------------------------------------------------------------------------------------i-----------------------------------------------
9.171 	 9.171
9.123 	 9.123
9.115 	 9.115
9.154 	 9.154
9.103 	 9.103
9.109 	 9.109
9.062 	 9.062
9.145 	 9.145
9.145 	 9.145
9.081 	 9.081
call evi
------------------------------------------------------c-al-------- --e-------------------------------------------------------------------------------------------------------------------------------------------------------------------i-----------------------------------------------
9.146 	 9.146
9.096 	 9.096
9.099 	 9.099
9.167 	 9.167
9.169 	 9.169
9.100 	 9.100
9.158 	 9.158
9.176 	 9.176
9.129 	 9.129
9.093 	 9.093
call evi
------------------------------------------------------c-al-------- --e-------------------------------------------------------------------------------------------------------------------------------------------------------------------i-----------------------------------------------
9.101 	 9.101
9.159 	 9.159
9.112 	 9.112
9.134 	 9.134
9.200 	 9.200
9.128 	 9.128
9.135 	 9.135
9.217 	 9.217
9.140 	 9.140
9.133 	 9.133
call evi
------------------------------------------------------c-al-------- --e-------------------------------------------------------------------------------------------------------------------------------------------------------------------i-----------------------------------------------
9.159 	 9.159
9.165 	 9.165
9.093 	 9.093
9.099 	 9.099
9.127 	 9.127
9.154 	 9.154
9.139 	 9.139
9.142 	 9.142
9.205 	 9.205
9.100 	 9.100
call evi
------------------------------------------------------c-al-------- --e-------------------------------------------------------------------------------------------------------------------------------------------------------------------i-----------------------------------------------
9.091 	 9.091
9.136 	 9.136
9.204 	 9.204
9.147 	 9.147
9.102 	 9.102
9.141 	 9.141
9.156 	 9.156
9.173 	 9.173
9.127 	 9.127
9.162 	 9.162
call evi
------------------------------------------------------c-al-------- --e-------------------------------------------------------------------------------------------------------------------------------------------------------------------i-----------------------------------------------
9.055 	 9.055
9.137 	 9.137
9.102 	 9.102
9.130 	 9.130
9.176 	 9.176
9.108 	 9.108
9.193 	 9.193
9.143 	 9.143
9.129 	 9.129
9.146 	 9.146
call evi
------------------------------------------------------c-al-------- --e-------------------------------------------------------------------------------------------------------------------------------------------------------------------i-----------------------------------------------
9.088 	 9.088
9.198 	 9.198
9.128 	 9.128
9.142 	 9.142
9.144 	 9.144
9.182 	 9.182
9.201 	 9.201
9.157 	 9.157
9.151 	 9.151
9.106 	 9.106
call evi
------------------------------------------------------c-al-------- --e-------------------------------------------------------------------------------------------------------------------------------------------------------------------i-----------------------------------------------
9.163 	 9.163
9.125 	 9.125
9.100 	 9.100
9.140 	 9.140
9.149 	 9.149
9.114 	 9.114
9.117 	 9.117
9.202 	 9.202
9.130 	 9.130
9.129 	 9.129
call evi
------------------------------------------------------c-al-------- --e-------------------------------------------------------------------------------------------------------------------------------------------------------------------i-----------------------------------------------
9.163 	 9.163
9.136 	 9.136
9.155 	 9.155
9.142 	 9.142
9.173 	 9.173
9.136 	 9.136
9.122 	 9.122
9.119 	 9.119
9.076 	 9.076
9.164 	 9.164
call evi
------------------------------------------------------c-al-------- --e-------------------------------------------------------------------------------------------------------------------------------------------------------------------i-----------------------------------------------
9.102 	 9.102
9.098 	 9.098
9.161 	 9.161
9.080 	 9.080
9.102 	 9.102
9.081 	 9.081
9.132 	 9.132
9.147 	 9.147
9.166 	 9.166
9.114 	 9.114
call evi
------------------------------------------------------c-al-------- --e-------------------------------------------------------------------------------------------------------------------------------------------------------------------i-----------------------------------------------
9.228 	 9.228
9.224 	 9.224
9.102 	 9.102
9.231 	 9.231
9.069 	 9.069
9.151 	 9.151
9.157 	 9.157
9.123 	 9.123
9.131 	 9.131
9.128 	 9.128
call evi
------------------------------------------------------c-al-------- --e-------------------------------------------------------------------------------------------------------------------------------------------------------------------i-----------------------------------------------
9.104 	 9.104
9.065 	 9.065
9.132 	 9.132
9.124 	 9.124
9.140 	 9.140
9.118 	 9.118
9.137 	 9.137
9.112 	 9.112
9.138 	 9.138
9.094 	 9.094
cal evi
------------------------------------------------------c-al-------- --e-------------------------------------------------------------------------------------------------------------------------------------------------------------------i-----------------------------------------------
9.109 	 9.109
9.152 	 9.152
9.193 	 9.193
9.113 	 9.113
9.119 	 9.119
9.112 	 9.112
9.092 	 9.092
9.148 	 9.148
9.129 	 9.129
9.079 	 9.079
call evi
------------------------------------------------------c-al-------- --e-------------------------------------------------------------------------------------------------------------------------------------------------------------------i-----------------------------------------------
9.170 	 9.170
9.082 	 9.082
9.036 	 9.036
9.045 	 9.045
9.115 	 9.115
9.061 	 9.061
9.132 	 9.132
9.110 	 9.110
9.156 	 9.156
9.200 	 9.200
call evi
------------------------------------------------------c-al-------- --e-------------------------------------------------------------------------------------------------------------------------------------------------------------------i-----------------------------------------------
9.105 	 9.105
9.118 	 9.118
9.108 	 9.108
9.178 	 9.178
9.118 	 9.118
9.116 	 9.116
9.152 	 9.152
9.103 	 9.103
9.119 	 9.119
9.075 	 9.075
call evi
------------------------------------------------------c-al-------- --e-------------------------------------------------------------------------------------------------------------------------------------------------------------------i-----------------------------------------------
9.139 	 9.139
9.208 	 9.208
9.058 	 9.058
9.134 	 9.134
9.152 	 9.152
9.192 	 9.192
9.053 	 9.053
9.083 	 9.083
9.072 	 9.072
9.173 	 9.173
call evi
------------------------------------------------------c-al-------- --e-------------------------------------------------------------------------------------------------------------------------------------------------------------------i-----------------------------------------------
9.080 	 9.080
9.166 	 9.166
9.112 	 9.112
9.146 	 9.146
9.119 	 9.119
9.081 	 9.081
9.124 	 9.124
9.130 	 9.130
9.130 	 9.130
9.113 	 9.113
call evi
------------------------------------------------------c-al-------- --e-------------------------------------------------------------------------------------------------------------------------------------------------------------------i-----------------------------------------------
9.111 	 9.111
9.176 	 9.176
9.108 	 9.108
9.104 	 9.104
9.111 	 9.111
9.051 	 9.051
9.132 	 9.132
9.058 	 9.058
9.084 	 9.084
9.152 	 9.152
call evi
------------------------------------------------------c-al-------- --e-------------------------------------------------------------------------------------------------------------------------------------------------------------------i-----------------------------------------------
9.114 	 9.114
9.128 	 9.128
9.086 	 9.086
9.058 	 9.058
9.087 	 9.087
9.114 	 9.114
9.076 	 9.076
9.176 	 9.176
9.144 	 9.144
9.128 	 9.128
call evi
------------------------------------------------------c-al-------- --e-------------------------------------------------------------------------------------------------------------------------------------------------------------------i-----------------------------------------------
9.109 	 9.109
9.118 	 9.118
9.108 	 9.108
9.089 	 9.089
9.107 	 9.107
9.072 	 9.072
9.074 	 9.074
9.191 	 9.191
9.090 	 9.090
9.196 	 9.196
call evi
------------------------------------------------------c-al-------- --e-------------------------------------------------------------------------------------------------------------------------------------------------------------------i-----------------------------------------------
9.076 	 9.076
9.114 	 9.114
9.145 	 9.145
9.133 	 9.133
9.094 	 9.094
9.063 	 9.063
9.053 	 9.053
9.135 	 9.135
9.109 	 9.109
9.113 	 9.113
call evi
------------------------------------------------------c-al-------- --e-------------------------------------------------------------------------------------------------------------------------------------------------------------------i-----------------------------------------------
9.164 	 9.164
9.140 	 9.140
9.152 	 9.152
9.153 	 9.153
9.067 	 9.067
9.093 	 9.093
9.104 	 9.104
9.105 	 9.105
9.158 	 9.158
9.068 	 9.068
call evi
------------------------------------------------------c-al-------- --e-------------------------------------------------------------------------------------------------------------------------------------------------------------------i-----------------------------------------------
9.052 	 9.052
9.134 	 9.134
9.115 	 9.115
9.171 	 9.171
9.132 	 9.132
9.109 	 9.109
9.121 	 9.121
9.099 	 9.099
9.082 	 9.082
9.151 	 9.151
call evi
------------------------------------------------------c-al-------- --e-------------------------------------------------------------------------------------------------------------------------------------------------------------------i-----------------------------------------------
9.096 	 9.096
9.054 	 9.054
9.092 	 9.092
9.086 	 9.086
9.123 	 9.123
9.083 	 9.083
9.114 	 9.114
9.115 	 9.115
9.101 	 9.101
9.112 	 9.112
call evi
------------------------------------------------------c-al-------- --e-------------------------------------------------------------------------------------------------------------------------------------------------------------------i-----------------------------------------------
9.137 	 9.137
9.100 	 9.100
9.060 	 9.060
9.134 	 9.134
9.162 	 9.162
9.115 	 9.115
9.104 	 9.104
9.052 	 9.052
9.084 	 9.084
9.137 	 9.137
call evi
------------------------------------------------------c-al-------- --e-------------------------------------------------------------------------------------------------------------------------------------------------------------------i-----------------------------------------------
9.089 	 9.089
9.113 	 9.113
9.185 	 9.185
9.087 	 9.087
9.091 	 9.091
9.109 	 9.109
9.120 	 9.120
9.096 	 9.096
9.134 	 9.134
9.125 	 9.125
call evi
------------------------------------------------------c-al-------- --e-------------------------------------------------------------------------------------------------------------------------------------------------------------------i-----------------------------------------------
9.101 	 9.101
9.123 	 9.123
9.081 	 9.081
9.109 	 9.109
9.082 	 9.082
9.096 	 9.096
9.140 	 9.140
9.076 	 9.076
9.062 	 9.062
9.072 	 9.072
call evi
------------------------------------------------------c-al-------- --e-------------------------------------------------------------------------------------------------------------------------------------------------------------------i-----------------------------------------------
9.137 	 9.137
9.068 	 9.068
9.050 	 9.050
9.186 	 9.186
9.141 	 9.141
9.119 	 9.119
9.106 	 9.106
9.197 	 9.197
9.106 	 9.106
9.111 	 9.111
call evi
------------------------------------------------------c-al-------- --e-------------------------------------------------------------------------------------------------------------------------------------------------------------------i-----------------------------------------------
9.180 	 9.180
9.116 	 9.116
9.166 	 9.166
9.108 	 9.108
9.083 	 9.083
9.137 	 9.137
9.133 	 9.133
9.156 	 9.156
9.088 	 9.088
9.130 	 9.130
call evi
------------------------------------------------------c-al-------- --e-------------------------------------------------------------------------------------------------------------------------------------------------------------------i-----------------------------------------------
9.119 	 9.119
9.096 	 9.096
9.188 	 9.188
9.201 	 9.201
9.075 	 9.075
9.199 	 9.199
9.083 	 9.083
9.089 	 9.089
9.106 	 9.106
9.094 	 9.094
call evi
------------------------------------------------------c-al-------- --e-------------------------------------------------------------------------------------------------------------------------------------------------------------------i-----------------------------------------------
9.087 	 9.087
9.079 	 9.079
9.055 	 9.055
9.100 	 9.100
9.144 	 9.144
9.208 	 9.208
9.103 	 9.103
9.080 	 9.080
9.088 	 9.088
9.118 	 9.118
call evi
------------------------------------------------------c-al-------- --ev------------------------------------------------------------------------------------------------------------------------------------------------------------------i-----------------------------------------------
9.084 	 9.084
9.115 	 9.115
9.157 	 9.157
9.063 	 9.063
9.149 	 9.149
9.080 	 9.080
9.117 	 9.117
9.090 	 9.090
9.158 	 9.158
9.087 	 9.087
call evi
------------------------------------------------------c-al-------- --e-------------------------------------------------------------------------------------------------------------------------------------------------------------------i-----------------------------------------------
9.062 	 9.062/u/zw9ga/.conda/envs/ml/lib/python3.6/site-packages/tensorflow/python/framework/dtypes.py:517: FutureWarning: Passing (type, 1) or '1type' as a synonym of type is deprecated; in a future version of numpy, it will be understood as (type, (1,)) / '(1,)type'.
  _np_qint8 = np.dtype([("qint8", np.int8, 1)])
/u/zw9ga/.conda/envs/ml/lib/python3.6/site-packages/tensorflow/python/framework/dtypes.py:518: FutureWarning: Passing (type, 1) or '1type' as a synonym of type is deprecated; in a future version of numpy, it will be understood as (type, (1,)) / '(1,)type'.
  _np_quint8 = np.dtype([("quint8", np.uint8, 1)])
/u/zw9ga/.conda/envs/ml/lib/python3.6/site-packages/tensorflow/python/framework/dtypes.py:519: FutureWarning: Passing (type, 1) or '1type' as a synonym of type is deprecated; in a future version of numpy, it will be understood as (type, (1,)) / '(1,)type'.
  _np_qint16 = np.dtype([("qint16", np.int16, 1)])
/u/zw9ga/.conda/envs/ml/lib/python3.6/site-packages/tensorflow/python/framework/dtypes.py:520: FutureWarning: Passing (type, 1) or '1type' as a synonym of type is deprecated; in a future version of numpy, it will be understood as (type, (1,)) / '(1,)type'.
  _np_quint16 = np.dtype([("quint16", np.uint16, 1)])
/u/zw9ga/.conda/envs/ml/lib/python3.6/site-packages/tensorflow/python/framework/dtypes.py:521: FutureWarning: Passing (type, 1) or '1type' as a synonym of type is deprecated; in a future version of numpy, it will be understood as (type, (1,)) / '(1,)type'.
  _np_qint32 = np.dtype([("qint32", np.int32, 1)])
/u/zw9ga/.conda/envs/ml/lib/python3.6/site-packages/tensorflow/python/framework/dtypes.py:526: FutureWarning: Passing (type, 1) or '1type' as a synonym of type is deprecated; in a future version of numpy, it will be understood as (type, (1,)) / '(1,)type'.
  np_resource = np.dtype([("resource", np.ubyte, 1)])

9.131 	 9.131
9.135 	 9.135
9.133 	 9.133
9.123 	 9.123
9.114 	 9.114
9.084 	 9.084
9.147 	 9.147
9.075 	 9.075
9.060 	 9.060
call evi
------------------------------------------------------c-al-------- --e-------------------------------------------------------------------------------------------------------------------------------------------------------------------i-----------------------------------------------
9.143 	 9.143
9.087 	 9.087
9.038 	 9.038
9.083 	 9.083
9.068 	 9.068
9.140 	 9.140
9.137 	 9.137
9.104 	 9.104
9.086 	 9.086
9.083 	 9.083
call evi
------------------------------------------------------c-al-------- --e-------------------------------------------------------------------------------------------------------------------------------------------------------------------i-----------------------------------------------
9.095 	 9.095
9.057 	 9.057
9.122 	 9.122
9.113 	 9.113
9.131 	 9.131
9.103 	 9.103
9.095 	 9.095
9.135 	 9.135
9.079 	 9.079
9.073 	 9.073
call evi
------------------------------------------------------c-al-------- --e-------------------------------------------------------------------------------------------------------------------------------------------------------------------i-----------------------------------------------
9.089 	 9.089
9.109 	 9.109
9.139 	 9.139
9.064 	 9.064
9.083 	 9.083
9.095 	 9.095
9.054 	 9.054
9.110 	 9.110
9.068 	 9.068
9.120 	 9.120
call evi
------------------------------------------------------c-al-------- --e-------------------------------------------------------------------------------------------------------------------------------------------------------------------i-----------------------------------------------
9.122 	 9.122
9.120 	 9.120
9.062 	 9.062
9.138 	 9.138
9.137 	 9.137
9.057 	 9.057
9.111 	 9.111
9.109 	 9.109
9.183 	 9.183
9.101 	 9.101
call evi
------------------------------------------------------c-al-------- --e-------------------------------------------------------------------------------------------------------------------------------------------------------------------i-----------------------------------------------
9.042 	 9.042
9.104 	 9.104
9.096 	 9.096
9.107 	 9.107
9.043 	 9.043
9.105 	 9.105
9.156 	 9.156
9.139 	 9.139
9.134 	 9.134
9.114 	 9.114
call evi
------------------------------------------------------c-al-------- --e-------------------------------------------------------------------------------------------------------------------------------------------------------------------i-----------------------------------------------
9.109 	 9.109
9.104 	 9.104
9.133 	 9.133
9.090 	 9.090
9.069 	 9.069
9.051 	 9.051
9.103 	 9.103
9.166 	 9.166
9.112 	 9.112
9.174 	 9.174
call evi
------------------------------------------------------c-al-------- --e-------------------------------------------------------------------------------------------------------------------------------------------------------------------i-----------------------------------------------
9.123 	 9.123
9.046 	 9.046
9.117 	 9.117
9.076 	 9.076
9.037 	 9.037
9.023 	 9.023
9.098 	 9.098
9.084 	 9.084
9.066 	 9.066
9.102 	 9.102
Final distortion 45.036133
