source dB 67.96921730041504

-----------------------------------------------------------------------------------------------------------------------------------------------------------------------------------------------------------------------------------------------------------------------------------------
159.433 	 159.433
123.775 	 123.775
67.497 	 67.497
70.222 	 70.222
60.972 	 60.972
60.958 	 60.958
59.126 	 59.126
62.757 	 62.757
50.051 	 50.051
47.081 	 47.081
un pltot
-----------------------------------------------------------------------------------------------------------------------------------------------------------u-n----------------------------------------------------------------- --pl------------------t-o--------------------------------
41.884 	 41.884
38.944 	 38.944
36.199 	 36.199
32.820 	 32.820
37.625 	 37.625
32.592 	 32.592
35.991 	 35.991
33.414 	 33.414
32.775 	 32.775
30.581 	 30.581
sconn bltoth
------------------------------------------------------------------------------------------------------------------------------------------------s---------o--n---------------n-------------------------------------------------- -bl--------------------t-o----------------------th------
30.786 	 30.786
26.967 	 26.967
25.642 	 25.642
24.684 	 24.684
22.239 	 22.239
18.247 	 18.247
19.572 	 19.572
18.888 	 18.888
14.216 	 14.216
15.282 	 15.282
isconnec bluetothe
--------------------------------------------------------------------------------------------------------------------------------------------i--s---------c-o-n---------------n-----c--------------------------------------------- -bll-u---ee----------t-o----------------------the------
13.023 	 13.023
11.252 	 11.252
12.433 	 12.433
10.526 	 10.526
8.932 	 8.932
9.556 	 9.556
11.403 	 11.403
13.200 	 13.200
6.965 	 6.965
7.486 	 7.486
isconnect bluetooth
--------------------------------------------------------------------------------------------------------------------------------------------i--s---------c-o-n--------------n-ee---c--------------------------------------------  -bllu----e-----------t-o-----------------o----th-------
6.913 	 6.913
8.856 	 8.856
7.826 	 7.826
7.134 	 7.134
6.943 	 6.943
9.355 	 9.355
8.852 	 8.852
7.283 	 7.283
7.078 	 7.078
5.665 	 5.665
disconnect bluetooth
----------------------------------------------------------------------------------------------------------------------------d--------------i--s---------c-o--n-------------n-ee----c---------------------------------------tt---  -bllu---e------------t-o-----------------o----th-------
4.993 	 4.993
Worked i=0 ctcloss=4.993311 bound=1600.000024
5.358 	 5.358
5.123 	 5.123
4.612 	 4.612
3.607 	 3.607
3.879 	 3.879
4.092 	 4.092
3.364 	 3.364
3.227 	 3.227
2.984 	 2.984
disconnect bluetooth
----------------------------------------------------------------------------------------------------------------------------dd--------------i-s----------c-o-n--------------n-e----c--------------------------------------tt----  -bllu---ee-----------t-o-----------------o----th-------
2.798 	 2.798
Worked i=0 ctcloss=2.797610 bound=1280.000091
3.312 	 3.312
3.019 	 3.019
2.690 	 2.690
2.374 	 2.374
1.907 	 1.907
1.763 	 1.763
1.459 	 1.459
1.235 	 1.235
1.587 	 1.587
disconnect bluetooth
----------------------------------------------------------------------------------------------------------------------------dd--------------i-s---------c-o--n--------------n-e----c--------------------------------------tt----  -bllu---ee-----------t-o-----------------o----th-------
1.497 	 1.497
Worked i=0 ctcloss=1.497466 bound=1024.000049
3.386 	 3.386
2.383 	 2.383
1.587 	 1.587
1.477 	 1.477
1.375 	 1.375
1.226 	 1.226
1.176 	 1.176
1.040 	 1.040
1.005 	 1.005
disconnect bluetooth
----------------------------------------------------------------------------------------------------------------------------dd--------------i-s---------c-o-nn--------------n-ee---c--------------------------------------tt----  -bllu---ee-----------t-o-----------------o----th-------
0.814 	 0.814
Worked i=0 ctcloss=0.814027 bound=819.200039
1.279 	 1.279
1.061 	 1.061
0.867 	 0.867
0.765 	 0.765
0.795 	 0.795
0.691 	 0.691
0.674 	 0.674
0.609 	 0.609
0.664 	 0.664
disconnect bluetooth
----------------------------------------------------------------------------------------------------------------------------dd--------------i-s---------c-o--n--------------n-ee---c--------------------------------------tt----  -bllu---ee-----------t-o-----------------o----th-------
0.603 	 0.603
Worked i=0 ctcloss=0.603262 bound=655.360043
2.173 	 2.173
1.475 	 1.475
1.285 	 1.285
1.307 	 1.307
1.008 	 1.008
0.752 	 0.752
0.969 	 0.969
1.683 	 1.683
0.911 	 0.911
disconnect bluetooth
----------------------------------------------------------------------------------------------------------------------------d---------------i-s---------c-o--n--------------n-ee---c--------------------------------------tt---  -bll-u---ee------------too----------------o----th-------
0.958 	 0.958
Worked i=0 ctcloss=0.957700 bound=524.288058
4.653 	 4.653
3.859 	 3.859
2.303 	 2.303
2.955 	 2.955
2.465 	 2.465
2.557 	 2.557
1.491 	 1.491
1.155 	 1.155
1.027 	 1.027
disconnect bluetooth
----------------------------------------------------------------------------------------------------------------------------dd--------------i-s---------c-o--n--------------n-e----c--------------------------------------tt---- -bll-u--ee------------t-o-----------------o----th-------
0.915 	 0.915
Worked i=0 ctcloss=0.914610 bound=419.430465
4.545 	 4.545
2.551 	 2.551
2.350 	 2.350
2.041 	 2.041
1.569 	 1.569
1.137 	 1.137
0.983 	 0.983
0.877 	 0.877
0.824 	 0.824
disconnect bluetooth
----------------------------------------------------------------------------------------------------------------------------dd--------------i-s---------c-o-nn--------------n-ee---c--------------------------------------tt----  -bllu--ee------------t-o-----------------o----th-------
0.687 	 0.687
Worked i=0 ctcloss=0.687190 bound=335.544378
3.484 	 3.484
2.204 	 2.204
1.668 	 1.668
1.460 	 1.460
1.300 	 1.300
1.133 	 1.133
0.910 	 0.910
1.050 	 1.050
0.851 	 0.851
disconnect bluetooth
----------------------------------------------------------------------------------------------------------------------------dd--------------i-s---------c-o--n--------------n-e----c--------------------------------------tt----  -bllu--e-------------t-o-----------------o----th-------
0.711 	 0.711
Worked i=0 ctcloss=0.710506 bound=268.435508
8.349 	 8.349
4.075 	 4.075
3.778 	 3.778
2.450 	 2.450
1.972 	 1.972
1.804 	 1.804
2.145 	 2.145
1.624 	 1.624
1.529 	 1.529
disconnect bluetooth
----------------------------------------------------------------------------------------------------------------------------dd--------------i-s---------cc-o-n--------------n-ee---c--------------------------------------tt----  -bllu--ee------------t-o-----------------o----th-------
1.289 	 1.289
Worked i=0 ctcloss=1.289158 bound=214.748412
20.677 	 20.677
15.115 	 15.115
8.482 	 8.482
4.878 	 4.878
4.254 	 4.254
3.755 	 3.755
2.839 	 2.839
2.328 	 2.328
2.064 	 2.064
disconnect bluetooth
----------------------------------------------------------------------------------------------------------------------------dd--------------i-s---------c-o--n--------------n-e----c--------------------------------------tt---- --bllu--e-------------t-o-----------------o----th-------
1.833 	 1.833
Worked i=0 ctcloss=1.833240 bound=171.798736
14.650 	 14.650
9.918 	 9.918
7.742 	 7.742
7.171 	 7.171
5.433 	 5.433
4.403 	 4.403
3.477 	 3.477
2.959 	 2.959
2.667 	 2.667
disconnect bluetooth
----------------------------------------------------------------------------------------------------------------------------dd--------------i-s---------c-o--n--------------n-e----c--------------------------------------tt---- --bllu--e-------------t-o-----------------o----th-------
2.403 	 2.403
Worked i=0 ctcloss=2.403243 bound=137.438998
20.687 	 20.687
16.724 	 16.724
12.522 	 12.522
9.626 	 9.626
8.529 	 8.529
7.132 	 7.132
5.972 	 5.972
5.594 	 5.594
4.799 	 4.799
disconnect bluetooth
-----------------------------------------------------------------------------------------------------------------------------d--------------i-s---------cco--n--------------n-e----c--------------------------------------t----- --bllu--e-------------t-o-----------------o----th-------
4.058 	 4.058
Worked i=0 ctcloss=4.057890 bound=109.951198
29.270 	 29.270
23.188 	 23.188
22.572 	 22.572
22.629 	 22.629
17.324 	 17.324
14.526 	 14.526
12.751 	 12.751
12.040 	 12.040
11.252 	 11.252
disconnect bluetooth
-----------------------------------------------------------------------------------------------------------------------------d--------------i-s---------c-o-n---------------n-e----c--------------------------------------t----  -bllu---e-------------t-o-----------------o----th-------
9.613 	 9.613
Worked i=0 ctcloss=9.613031 bound=87.960958
55.587 	 55.587
45.564 	 45.564
36.228 	 36.228
32.283 	 32.283
30.490 	 30.490
29.044 	 29.044
27.921 	 27.921
24.735 	 24.735
23.026 	 23.026
ndisconnec bluto
----------------------------------------------------------------------------------------------------------------------------n---------------i-s---------c-o-n---------------n-e----c-------------------------------------------- --bl-u----------------t-o-------------------------------
20.844 	 20.844
18.847 	 18.847
16.972 	 16.972
15.794 	 15.794
14.597 	 14.597
13.135 	 13.135
12.354 	 12.354
12.390 	 12.390
11.266 	 11.266
10.915 	 10.915
disconnec bluetooth
--------------------------------------------------------------------------------------------------------------------------------------------i-s----------c-o-n--------------n-e----c-------------------------------------------- --bllu--e-------------t-o-----------------o----th-------
10.196 	 10.196
10.556 	 10.556
10.614 	 10.614
11.156 	 11.156
10.177 	 10.177
9.204 	 9.204
8.163 	 8.163
9.018 	 9.018
8.292 	 8.292
7.444 	 7.444
disconnect bluetooth
-----------------------------------------------------------------------------------------------------------------------------d--------------i-s---------c-o-n---------------n-e----c--------------------------------------t----- --bllu--e-------------t-o-----------------o----th-------
7.400 	 7.400
Worked i=0 ctcloss=7.399717 bound=70.368767
35.541 	 35.541
30.075 	 30.075
26.553 	 26.553
27.080 	 27.080
29.597 	 29.597
28.163 	 28.163
24.073 	 24.073
20.672 	 20.672
19.273 	 19.273
isconnc blutot
---------------------------------------------------------------------------------------------------------------------------------------------i----------c-o-n---------------n------c-----------------------------------------------bl-u----------------t-o----------------------t--------
19.452 	 19.452
17.814 	 17.814
16.797 	 16.797
16.466 	 16.466
15.718 	 15.718
14.536 	 14.536
13.854 	 13.854
13.788 	 13.788
13.552 	 13.552
12.929 	 12.929
disconnec bluetooth
--------------------------------------------------------------------------------------------------------------------------------------------i-s---------c-o-n---------------n-e----c-------------------------------------------- --bl-u--e------------t-o------------------o----th-------
12.794 	 12.794
12.572 	 12.572
11.905 	 11.905
11.977 	 11.977
11.365 	 11.365
10.727 	 10.727
10.084 	 10.084
9.716 	 9.716
9.937 	 9.937
9.378 	 9.378
disconnect bluetooth
-----------------------------------------------------------------------------------------------------------------------------d--------------i-s---------cco-n---------------n-e----c--------------------------------------t----- -b-l-u--e------------t-o------------------o----th-------
9.115 	 9.115
Worked i=0 ctcloss=9.115076 bound=56.295015
60.710 	 60.710
52.959 	 52.959
43.099 	 43.099
36.854 	 36.854
35.504 	 35.504
34.141 	 34.141
32.050 	 32.050
30.243 	 30.243
28.795 	 28.795
isonnclutoth
---------------------------------------------------------------------------------------------------------------------------------------------i-s----------o-n---------------n------c-----------------------------------------------bl-u----------------t-o----------------------th-------
27.505 	 27.505
25.860 	 25.860
24.755 	 24.755
23.693 	 23.693
22.108 	 22.108
21.365 	 21.365
20.549 	 20.549
19.800 	 19.800
18.906 	 18.906
18.706 	 18.706
isconnc bluetoth
--------------------------------------------------------------------------------------------------------------------------------------------i-s------------o-n--------------n------c-----------------------------------------------bl-u----------------t-o----------------------th-------
18.288 	 18.288
18.199 	 18.199
17.158 	 17.158
17.254 	 17.254
16.642 	 16.642
16.876 	 16.876
16.475 	 16.475
16.568 	 16.568
16.137 	 16.137
15.629 	 15.629
disconnc bluetooth
--------------------------------------------------------------------------------------------------------------------------------------------i-s---------c-o-n---------------n------c-------------------------------------------- --bl-u----------------t-o-----------------o----th-------
15.319 	 15.319
15.002 	 15.002
14.657 	 14.657
15.001 	 15.001
15.403 	 15.403
15.560 	 15.560
14.698 	 14.698
15.132 	 15.132
14.681 	 14.681
14.631 	 14.631
disconnec bluetoth
------------------------------------------------------------------------------------------------------------------------------d-------------i-s---------c--o-n--------------n-e----c-------------------------------------------- --bl-u--e------------t--o----------------------th-------
14.215 	 14.215
13.230 	 13.230
13.223 	 13.223
13.609 	 13.609
12.697 	 12.697
13.029 	 13.029
13.237 	 13.237
12.814 	 12.814
12.470 	 12.470
12.444 	 12.444
disconnect bluetooth
--------------------------------------------------------------------------------------------------------------------------------------------i-s---------c-o-n---------------n-e----c-------------------------------------------- --bl-u--e-------------t-o-----------------o----th-------
12.264 	 12.264
Worked i=0 ctcloss=12.263549 bound=45.036014
80.890 	 80.890
78.688 	 78.688
71.045 	 71.045
64.158 	 64.158
56.724 	 56.724
49.613 	 49.613
46.232 	 46.232
49.009 	 49.009
50.587 	 50.587
and wis onine to the
-------------------------------------------------------------------------------------------------------------------------a--n-d-- ------- w-i--s------ ---o-n-------------i-n--------------------------------------------------------------------------t-o----------------o-----th-e-----
51.706 	 51.706
50.157 	 50.157
47.707 	 47.707
44.730 	 44.730
41.258 	 41.258
39.464 	 39.464
38.956 	 38.956
39.380 	 39.380
38.987 	 38.987
38.286 	 38.286
isonaneto
----------------------------------------------------------------------------------------------------------------------------------------------is-----------o-n-----------a--n--------------------------------------------------------------------------t-o-------------------------------
37.072 	 37.072
36.470 	 36.470
35.710 	 35.710
35.349 	 35.349
35.061 	 35.061
34.697 	 34.697
34.022 	 34.022
33.227 	 33.227
32.624 	 32.624
32.266 	 32.266
isoninluto
---------------------------------------------------------------------------------------------------------------------------------------------i-s----------o-n------------i--n--------------------------------------------------------l-u---------------t-o-------------------------------
31.985 	 31.985
31.116 	 31.116
30.761 	 30.761
30.577 	 30.577
29.859 	 29.859
29.641 	 29.641
29.479 	 29.479
28.995 	 28.995
28.892 	 28.892
28.643 	 28.643
dis conine lutot
---------------------------------------------------------------------------------------------------------------------------------------------i-s-----------o-n-----------i--n---------------------------------------------------- ---l-u---------------t-o-----------------------t-------
28.130 	 28.130
28.074 	 28.074
27.836 	 27.836
27.362 	 27.362
27.507 	 27.507
27.364 	 27.364
26.886 	 26.886
26.451 	 26.451
26.339 	 26.339
26.002 	 26.002
disconine lutoth
---------------------------------------------------------------------------------------------------------------------------------------------i-s--------c-o-n---------------n-------c-------------------------------------------- ---l-u---------------t-o----------------------th-------
25.850 	 25.850
25.571 	 25.571
25.695 	 25.695
26.496 	 26.496
26.593 	 26.593
26.190 	 26.190
25.909 	 25.909
26.121 	 26.121
25.555 	 25.555
24.987 	 24.987
disoninc blutoth
---------------------------------------------------------------------------------------------------------------------------------------------i-s-----------o-n-----------i--n-------c-------------------------------------------- --bl-u---------------t-o----------------------t--------
24.622 	 24.622
24.941 	 24.941
25.215 	 25.215
24.478 	 24.478
24.406 	 24.406
24.366 	 24.366
24.246 	 24.246
24.215 	 24.215
24.121 	 24.121
23.841 	 23.841
disconnc blutoth
---------------------------------------------------------------------------------------------------------------------------------------------i-s-----------o-n--------------n-------c-------------------------------------------- --bl-u---------------t-o----------------------t--------
23.876 	 23.876
23.937 	 23.937
23.753 	 23.753
23.656 	 23.656
23.642 	 23.642
23.416 	 23.416
23.427 	 23.427
23.205 	 23.205
23.542 	 23.542
23.436 	 23.436
isconnclutoth
---------------------------------------------------------------------------------------------------------------------------------------------i-s-----------o-n--------------n-------c-----------------------------------------------bl-u---------------t-o----------------------t--------
23.573 	 23.573
23.193 	 23.193
23.137 	 23.137
23.101 	 23.101
23.134 	 23.134
22.765 	 22.765
23.034 	 23.034
22.787 	 22.787
22.774 	 22.774
22.643 	 22.643
disconnc blutoth
---------------------------------------------------------------------------------------------------------------------------------------------i-s-----------o-n--------------n-------c-------------------------------------------- --bl-u---------------t-o----------------------t--------
22.579 	 22.579
22.592 	 22.592
22.575 	 22.575
22.286 	 22.286
22.436 	 22.436
22.532 	 22.532
22.397 	 22.397
22.217 	 22.217
22.495 	 22.495
22.174 	 22.174
disconnec blutoth
---------------------------------------------------------------------------------------------------------------------------------------------i-s-----------o-n--------------n-------c-------------------------------------------- --bl-u---------------t-o----------------------th-------
22.138 	 22.138
22.082 	 22.082
21.982 	 21.982
21.889 	 21.889
21.867 	 21.867
21.846 	 21.846
21.680 	 21.680
21.845 	 21.845
21.823 	 21.823
21.830 	 21.830
disconnec blutoth
---------------------------------------------------------------------------------------------------------------------------------------------i-s--------c--o-n--------------n-------c-------------------------------------------- --bl-u---------------t-o----------------------th-------
21.763 	 21.763
21.531 	 21.531
21.854 	 21.854
21.861 	 21.861
21.695 	 21.695
21.698 	 21.698
21.721 	 21.721
21.964 	 21.964
21.703 	 21.703
21.401 	 21.401
disonnec blutoth
---------------------------------------------------------------------------------------------------------------------------------------------i-s-----------o-n--------------n-------c-------------------------------------------- --bl-u---------------t-o----------------------t--------
21.654 	 21.654
22.134 	 22.134
22.154 	 22.154
21.593 	 21.593
21.680 	 21.680
21.955 	 21.955
21.502 	 21.502
21.337 	 21.337
21.613 	 21.613
21.760 	 21.760
disonnc blutot
---------------------------------------------------------------------------------------------------------------------------------------------i-s-----------o-n--------------n-------c-----------------------------------------------bl-u---------------t-o----------------------t--------
21.691 	 21.691
21.426 	 21.426
21.198 	 21.198
21.318 	 21.318
21.399 	 21.399
21.087 	 21.087
21.273 	 21.273
21.240 	 21.240
21.070 	 21.070
21.021 	 21.021
disconnec lutoth
---------------------------------------------------------------------------------------------------------------------------------------------i-s-----------o-n--------------n-------c-------------------------------------------- ---l-u---------------t-o----------------------t--------
21.138 	 21.138
21.138 	 21.138
21.055 	 21.055
21.084 	 21.084
20.997 	 20.997
20.930 	 20.930
21.146 	 21.146
20.989 	 20.989
21.010 	 21.010
20.996 	 20.996
disconnec blutoth
---------------------------------------------------------------------------------------------------------------------------------------------i-s-----------o-n--------------n-------c-------------------------------------------- --bl-u---------------t-o----------------------t--------
21.038 	 21.038
20.903 	 20.903
20.865 	 20.865
20.836 	 20.836
20.965 	 20.965
20.755 	 20.755
20.717 	 20.717
20.968 	 20.968
20.775 	 20.775
20.815 	 20.815
disconnec blutoth
---------------------------------------------------------------------------------------------------------------------------------------------i-s-----------o-n--------------n-------c-------------------------------------------- --bl-u---------------t-o----------------------t--------
20.751 	 20.751
20.673 	 20.673
20.721 	 20.721
20.918 	 20.918
21.263 	 21.263
20.951 	 20.951
20.637 	 20.637
20.731 	 20.731
21.145 	 21.145
20.950 	 20.950
disconnec blutoth
---------------------------------------------------------------------------------------------------------------------------------------------i-s-----------o-n--------------n-------c-------------------------------------------- --bl-u---------------t-o----------------------th-------
20.578 	 20.578
20.835 	 20.835
21.308 	 21.308
21.007 	 21.007
20.620 	 20.620
20.626 	 20.626
20.767 	 20.767
20.676 	 20.676
20.561 	 20.561
20.604 	 20.604
disconnec blutoth
------------------------------------------------------------------------------------------------------------------------------d--------------i-s-----------o-n--------------n-------c-------------------------------------------- --bl-u---------------t-o----------------------th-------
20.683 	 20.683
20.521 	 20.521
20.560 	 20.560
20.527 	 20.527
20.428 	 20.428
20.469 	 20.469
20.563 	 20.563
20.437 	 20.437
20.438 	 20.438
20.643 	 20.643
disconnec blutoth
---------------------------------------------------------------------------------------------------------------------------------------------i-s-----------o-n--------------n-------c-------------------------------------------- --bl-u---------------t-o----------------------th-------
20.404 	 20.404
20.401 	 20.401
20.451 	 20.451
20.409 	 20.409
20.343 	 20.343
20.330 	 20.330
20.377 	 20.377
20.488 	 20.488
20.702 	 20.702
20.430 	 20.430
disconnec blutoth
---------------------------------------------------------------------------------------------------------------------------------------------i-s-----------o-n--------------n-------c-------------------------------------------- --bl-u---------------t-o----------------------t--------
20.267 	 20.267
20.476 	 20.476
20.270 	 20.270
20.226 	 20.226
20.248 	 20.248
20.214 	 20.214
20.392 	 20.392
20.475 	 20.475
20.566 	 20.566
20.460 	 20.460
disconnec blutoth
---------------------------------------------------------------------------------------------------------------------------------------------i-s-----------o-n--------------n-------c-------------------------------------------- --bl-u---------------t-o----------------------th-------
20.184 	 20.184
20.651 	 20.651
20.972 	 20.972
20.654 	 20.654
20.343 	 20.343
20.305 	 20.305
20.565 	 20.565
20.421 	 20.421
20.066 	 20.066
20.214 	 20.214
disconnec blutoth
---------------------------------------------------------------------------------------------------------------------------------------------i-s-----------o-n--------------n-------c-------------------------------------------- --bl-u---------------t-o----------------------th-------
20.107 	 20.107
20.301 	 20.301
20.274 	 20.274
20.172 	 20.172
20.087 	 20.087
20.073 	 20.073
20.055 	 20.055
20.581 	 20.581
20.286 	 20.286
20.319 	 20.319
disconnec blutoth
------------------------------------------------------------------------------------------------------------------------------d--------------i-s-----------o-n--------------n-------c-------------------------------------------- --bl-u---------------t-o----------------------th-------
20.115 	 20.115
20.219 	 20.219
19.956 	 19.956
20.243 	 20.243
20.623 	 20.623
20.350 	 20.350
20.165 	 20.165
20.164 	 20.164
20.237 	 20.237
20.087 	 20.087
disconnec blutoth
---------------------------------------------------------------------------------------------------------------------------------------------i-s-----------o-n--------------n-------c-------------------------------------------- --bl-u---------------t-o----------------------t--------
20.252 	 20.252
20.495 	 20.495
20.416 	 20.416
20.058 	 20.058
20.162 	 20.162
19.969 	 19.969
20.070 	 20.070
20.066 	 20.066
20.145 	 20.145
20.201 	 20.201
disconnec blutoth
---------------------------------------------------------------------------------------------------------------------------------------------i-s-----------o-n--------------n-------c-------------------------------------------- --bl-u---------------t-o----------------------th-------
20.146 	 20.146
20.107 	 20.107
20.086 	 20.086
20.055 	 20.055
20.237 	 20.237
20.266 	 20.266
20.114 	 20.114
19.965 	 19.965
20.046 	 20.046
20.072 	 20.072
disconnec blutoth
---------------------------------------------------------------------------------------------------------------------------------------------i-s-----------o-n--------------n-------c-------------------------------------------- --bl-u---------------t-o----------------------th-------
20.043 	 20.043
19.991 	 19.991
19.945 	 19.945
20.203 	 20.203
20.014 	 20.014
19.998 	 19.998
19.988 	 19.988
20.008 	 20.008
19.929 	 19.929
19.932 	 19.932
disconnec blutoth
------------------------------------------------------------------------------------------------------------------------------d--------------i-s-----------o-n--------------n-------c-------------------------------------------- --bl-u---------------t-o----------------------th-------
19.990 	 19.990
19.905 	 19.905
20.084 	 20.084
19.952 	 19.952
20.005 	 20.005
19.972 	 19.972
20.003 	 20.003
19.927 	 19.927
19.953 	 19.953
20.108 	 20.108
disconnec blutoth
------------------------------------------------------------------------------------------------------------------------------d--------------i-s-----------o-n--------------n-------c-------------------------------------------- --bl-u---------------t-o----------------------th-------
19.970 	 19.970
20.023 	 20.023
19.984 	 19.984
19.939 	 19.939
19.810 	 19.810
19.808 	 19.808
20.015 	 20.015
19.832 	 19.832
19.965 	 19.965
19.801 	 19.801
disconnec blutoth
---------------------------------------------------------------------------------------------------------------------------------------------i-s-----------o-n--------------n-------c-------------------------------------------- --bl-u---------------t-o----------------------th-------
19.914 	 19.914
19.887 	 19.887
19.920 	 19.920
19.955 	 19.955
19.796 	 19.796
19.789 	 19.789
19.795 	 19.795
19.741 	 19.741
19.750 	 19.750
19.738 	 19.738
disconnec blutoth
---------------------------------------------------------------------------------------------------------------------------------------------i-s-----------o-n--------------n-------c-------------------------------------------- --bl-u---------------t-o----------------------th-------
19.820 	 19.820
19.783 	 19.783
19.834 	 19.834
19.860 	 19.860
20.049 	 20.049
20.000 	 20.000
19.734 	 19.734
20.346 	 20.346
20.608 	 20.608
20.155 	 20.155
disconnec blutoth
---------------------------------------------------------------------------------------------------------------------------------------------i-s-----------o-n--------------n-------c-------------------------------------------- --bl-u---------------t-o----------------------th-------
19.972 	 19.972
19.845 	 19.845
19.960 	 19.960
19.997 	 19.997
19.803 	 19.803
19.905 	 19.905
19.963 	 19.963
19.835 	 19.835
19.818 	 19.818
19.867 	 19.867
disconnec blutooth
------------------------------------------------------------------------------------------------------------------------------d--------------i-s-----------o-n--------------n-------c-------------------------------------------- --bl-u---------------t-o-----------------o----th-------
20.025 	 20.025
20.077 	 20.077
19.857 	 19.857
19.756 	 19.756
20.034 	 20.034
19.794 	 19.794
19.860 	 19.860
19.950 	 19.950
19.747 	 19.747
19.731 	 19.731
disconnec blutooth
---------------------------------------------------------------------------------------------------------------------------------------------i-s-----------o-n--------------n-------c-------------------------------------------- --bl-u---------------t-o-----------------o----th-------
19.967 	 19.967
19.863 	 19.863
19.880 	 19.880
19.868 	 19.868
19.866 	 19.866
19.903 	 19.903
19.800 	 19.800
19.913 	 19.913
19.830 	 19.830
19.840 	 19.840
disconnec blutoth
---------------------------------------------------------------------------------------------------------------------------------------------i-s-----------o-n--------------n-------c-------------------------------------------- --bl-u---------------t-o----------------------th-------
19.723 	 19.723
19.771 	 19.771
19.893 	 19.893
20.066 	 20.066
20.056 	 20.056
20.307 	 20.307
19.970 	 19.970
19.816 	 19.816
19.733 	 19.733
19.926 	 19.926
disonnec blutoth
---------------------------------------------------------------------------------------------------------------------------------------------i-s-----------o-n--------------n-------c-----------------------------------------------bl-u---------------t-o----------------------t--------
19.905 	 19.905
19.826 	 19.826
19.671 	 19.671
19.854 	 19.854
19.828 	 19.828
19.778 	 19.778
19.716 	 19.716
19.838 	 19.838
19.694 	 19.694
19.694 	 19.694
disconnec blutoth
------------------------------------------------------------------------------------------------------------------------------d--------------i-s-----------o-n--------------n-------c-------------------------------------------- --bl-u---------------t-o----------------------th-------
19.749 	 19.749
19.736 	 19.736
19.677 	 19.677
19.874 	 19.874
20.067 	 20.067
19.927 	 19.927
19.655 	 19.655
19.697 	 19.697
20.022 	 20.022
19.868 	 19.868
disconnec blutoth
------------------------------------------------------------------------------------------------------------------------------d--------------i-s-----------o-n--------------n-------c-------------------------------------------- --bl-u---------------t-o----------------------th-------
19.698 	 19.698
19.756 	 19.756
19.897 	 19.897
19.679 	 19.679
19.798 	 19.798
19.773 	 19.773
19.935 	 19.935
19.873 	 19.873
19.702 	 19.702
19.746 	 19.746
disconnec blutoth
------------------------------------------------------------------------------------------------------------------------------d--------------i-s-----------o-n--------------n-------c-------------------------------------------- --bl-u---------------t-o----------------------t--------
19.846 	 19.846
19.722 	 19.722
19.758 	 19.758
19.711 	 19.711
19.914 	 19.914
19.876 	 19.876
19.774 	 19.774
19.846 	 19.846
19.825 	 19.825
19.765 	 19.765
disconnec blutoth
---------------------------------------------------------------------------------------------------------------------------------------------i-s-----------o-n--------------n-------c-------------------------------------------- --bl-u---------------t-o----------------------t--------
19.694 	 19.694
19.746 	 19.746
19.906 	 19.906
19.673 	 19.673
19.739 	 19.739
19.750 	 19.750
19.589 	 19.589
19.712 	 19.712
19.651 	 19.651
19.653 	 19.653
disconnec blutoth
------------------------------------------------------------------------------------------------------------------------------d--------------i-s-----------o-n--------------n-------c-------------------------------------------- --bl-u---------------t-o----------------------t--------
19.637 	 19.637
19.579 	 19.579
19.592 	 19.592
19.638 	 19.638
19.661 	 19.661
19.618 	 19.618
19.725 	 19.725
19.943 	 19.943
19.723 	 19.723
19.649 	 19.649
disconnec blutoth
------------------------------------------------------------------------------------------------------------------------------d--------------i-s--------c--o-n--------------n-------c-------------------------------------------- --bl-u---------------t-o----------------------th-------
19.911 	 19.911
19.806 	 19.806
20.052 	 20.052
19.803 	 19.803
19.723 	 19.723
20.037 	 20.037
20.253 	 20.253
20.546 	 20.546
19.822 	 19.822
19.566 	 19.566
disconnec blutoth
------------------------------------------------------------------------------------------------------------------------------d--------------i-s-----------o-n--------------n-------c-------------------------------------------- --bl-u---------------t-o----------------------th-------
19.894 	 19.894
20.032 	 20.032
20.070 	 20.070
19.932 	 19.932
19.646 	 19.646
19.716 	 19.716
20.246 	 20.246
20.005 	 20.005
19.909 	 19.909
19.742 	 19.742
disconnec blutoth
------------------------------------------------------------------------------------------------------------------------------d--------------i-s-----------o-n--------------n-------c-------------------------------------------- --bl-u---------------t-o----------------------th-------
19.765 	 19.765
19.810 	 19.810
19.838 	 19.838
19.755 	 19.755
19.664 	 19.664
19.803 	 19.803
19.730 	 19.730
19.638 	 19.638
19.604 	 19.604
19.759 	 19.759
disconnec blutoth
------------------------------------------------------------------------------------------------------------------------------d--------------i-s-----------o-n--------------n-------c-------------------------------------------- --bl-u---------------t-o----------------------th-------
19.643 	 19.643
19.600 	 19.600
19.642 	 19.642
19.530 	 19.530
19.646 	 19.646
19.637 	 19.637
19.632 	 19.632
19.808 	 19.808
19.645 	 19.645
19.753 	 19.753
disconnec blutot
---------------------------------------------------------------------------------------------------------------------------------------------i-s-----------o-n--------------n-------c-------------------------------------------- --bl-u---------------t-o----------------------t--------
19.778 	 19.778
19.612 	 19.612
19.566 	 19.566
19.633 	 19.633
19.805 	 19.805
19.657 	 19.657
19.704 	 19.704
19.879 	 19.879
19.587 	 19.587
19.613 	 19.613
disconnec blutoth
------------------------------------------------------------------------------------------------------------------------------d--------------i-s-----------o-n--------------n-------c-------------------------------------------- --bl-u---------------t-o----------------------t--------
19.525 	 19.525
19.605 	 19.605
19.546 	 19.546
19.554 	 19.554
19.580 	 19.580
19.684 	 19.684
19.596 	 19.596
19.581 	 19.581
19.570 	 19.570
19.661 	 19.661
disconnec blutooth
------------------------------------------------------------------------------------------------------------------------------d--------------i-s-----------o-n--------------n-------c-------------------------------------------- --bl-u---------------t-o-----------------o----th-------
19.615 	 19.615
19.564 	 19.564
19.635 	 19.635
19.669 	 19.669
19.592 	 19.592
19.521 	 19.521
19.494 	 19.494
19.626 	 19.626
19.525 	 19.525
19.515 	 19.515
disconnec blutooth
------------------------------------------------------------------------------------------------------------------------------d--------------i-s-----------o-n--------------n-------c-------------------------------------------- --bl-u---------------t-o-----------------o----th-------
19.546 	 19.546
19.506 	 19.506
19.512 	 19.512
19.549 	 19.549
19.489 	 19.489
19.506 	 19.506
19.592 	 19.592
19.546 	 19.546
19.494 	 19.494
19.700 	 19.700
disconnec blutooth
------------------------------------------------------------------------------------------------------------------------------d--------------i-s-----------o-n--------------n-------c-------------------------------------------- --bl-u---------------t-o-----------------o----th-------
19.797 	 19.797
19.486 	 19.486
19.600 	 19.600
19.474 	 19.474
19.533 	 19.533
19.387 	 19.387
19.549 	 19.549
19.479 	 19.479
19.661 	 19.661
19.502 	 19.502
disconnec blutoth
------------------------------------------------------------------------------------------------------------------------------d--------------i-s-----------o-n--------------n-------c-------------------------------------------- --bl-u---------------t-o----------------------t--------
19.510 	 19.510
19.511 	 19.511
19.516 	 19.516
19.587 	 19.587
19.581 	 19.581
19.530 	 19.530
19.601 	 19.601
19.500 	 19.500
19.710 	 19.710
19.442 	 19.442
disconnec blutoth
------------------------------------------------------------------------------------------------------------------------------d--------------i-s-----------o-n--------------n-------c-------------------------------------------- --bl-u---------------t-o----------------------th-------
19.532 	 19.532
19.501 	 19.501
19.472 	 19.472
19.625 	 19.625
19.549 	 19.549
19.443 	 19.443
19.537 	 19.537
19.689 	 19.689
19.468 	 19.468
19.532 	 19.532
disconnec blutoth
------------------------------------------------------------------------------------------------------------------------------d--------------i-s-----------o-n--------------n-------c-------------------------------------------- --bl-u---------------t-o----------------------th-------
19.676 	 19.676
19.462 	 19.462
19.509 	 19.509
19.455 	 19.455
19.590 	 19.590
19.459 	 19.459
19.433 	 19.433
19.599 	 19.599
19.572 	 19.572
19.515 	 19.515
disconnec blutoth
------------------------------------------------------------------------------------------------------------------------------d--------------i-s-----------o-n--------------n-------c-------------------------------------------- --bl-u---------------t-o----------------------th-------
19.547 	 19.547
19.567 	 19.567
19.521 	 19.521
19.566 	 19.566
19.550 	 19.550
19.417 	 19.417
19.505 	 19.505
19.525 	 19.525
19.576 	 19.576
19.548 	 19.548
disconnec blutoth
------------------------------------------------------------------------------------------------------------------------------d--------------i-s-----------o-n--------------n-------c-------------------------------------------- --bl-u---------------t-o----------------------t--------
19.403 	 19.403
19.614 	 19.614
19.606 	 19.606
19.494 	 19.494
19.492 	 19.492
19.840 	 19.840
20.018 	 20.018
19.956 	 19.956
19.549 	 19.549
19.470 	 19.470
disconnec blutoth
------------------------------------------------------------------------------------------------------------------------------d--------------i-s-----------o-n--------------n-------c-------------------------------------------- --bl-u---------------t-o----------------------th-------
19.673 	 19.673
19.495 	 19.495
19.478 	 19.478
19.684 	 19.684
19.511 	 19.511
19.478 	 19.478
19.459 	 19.459
19.523 	 19.523
19.512 	 19.512
19.465 	 19.465
disconnec blutoth
---------------------------------------------------------------------------------------------------------------------------------------------i-s-----------o-n--------------n-------c-------------------------------------------- --bl-u---------------t-o----------------------th-------
19.498 	 19.498
19.478 	 19.478
19.456 	 19.456
19.529 	 19.529
19.623 	 19.623
19.505 	 19.505
19.490 	 19.490
19.843 	 19.843
19.557 	 19.557
19.462 	 19.462
disconnec blutooth
------------------------------------------------------------------------------------------------------------------------------d--------------i-s-----------o-n--------------n-------c-------------------------------------------- --bl-u---------------t-o-----------------o----th-------
19.558 	 19.558
19.531 	 19.531
19.515 	 19.515
19.453 	 19.453
19.546 	 19.546
19.527 	 19.527
19.426 	 19.426
19.460 	 19.460
19.465 	 19.465
19.474 	 19.474
disconnec blutoth
---------------------------------------------------------------------------------------------------------------------------------------------i-s-----------o-n--------------n-------c-------------------------------------------- --bl-u---------------t-o----------------------t--------
19.484 	 19.484
19.452 	 19.452
19.406 	 19.406
19.483 	 19.483
19.491 	 19.491
19.529 	 19.529
19.332 	 19.332
19.404 	 19.404
19.514 	 19.514
19.470 	 19.470
disconnec blutoth
------------------------------------------------------------------------------------------------------------------------------d--------------i-s-----------o-n--------------n-------c-------------------------------------------- --bl-u---------------t-o----------------------t--------
19.460 	 19.460
19.634 	 19.634
19.559 	 19.559
19.440 	 19.440
19.446 	 19.446
19.509 	 19.509
19.437 	 19.437
19.517 	 19.517
19.459 	 19.459
19.395 	 19.395
disconnec blutoth
------------------------------------------------------------------------------------------------------------------------------d--------------i-s-----------o-n--------------n-------c-------------------------------------------- --bl-u---------------t-o----------------------t--------/u/zw9ga/.conda/envs/ml/lib/python3.6/site-packages/tensorflow/python/framework/dtypes.py:517: FutureWarning: Passing (type, 1) or '1type' as a synonym of type is deprecated; in a future version of numpy, it will be understood as (type, (1,)) / '(1,)type'.
  _np_qint8 = np.dtype([("qint8", np.int8, 1)])
/u/zw9ga/.conda/envs/ml/lib/python3.6/site-packages/tensorflow/python/framework/dtypes.py:518: FutureWarning: Passing (type, 1) or '1type' as a synonym of type is deprecated; in a future version of numpy, it will be understood as (type, (1,)) / '(1,)type'.
  _np_quint8 = np.dtype([("quint8", np.uint8, 1)])
/u/zw9ga/.conda/envs/ml/lib/python3.6/site-packages/tensorflow/python/framework/dtypes.py:519: FutureWarning: Passing (type, 1) or '1type' as a synonym of type is deprecated; in a future version of numpy, it will be understood as (type, (1,)) / '(1,)type'.
  _np_qint16 = np.dtype([("qint16", np.int16, 1)])
/u/zw9ga/.conda/envs/ml/lib/python3.6/site-packages/tensorflow/python/framework/dtypes.py:520: FutureWarning: Passing (type, 1) or '1type' as a synonym of type is deprecated; in a future version of numpy, it will be understood as (type, (1,)) / '(1,)type'.
  _np_quint16 = np.dtype([("quint16", np.uint16, 1)])
/u/zw9ga/.conda/envs/ml/lib/python3.6/site-packages/tensorflow/python/framework/dtypes.py:521: FutureWarning: Passing (type, 1) or '1type' as a synonym of type is deprecated; in a future version of numpy, it will be understood as (type, (1,)) / '(1,)type'.
  _np_qint32 = np.dtype([("qint32", np.int32, 1)])
/u/zw9ga/.conda/envs/ml/lib/python3.6/site-packages/tensorflow/python/framework/dtypes.py:526: FutureWarning: Passing (type, 1) or '1type' as a synonym of type is deprecated; in a future version of numpy, it will be understood as (type, (1,)) / '(1,)type'.
  np_resource = np.dtype([("resource", np.ubyte, 1)])

19.415 	 19.415
19.391 	 19.391
19.435 	 19.435
19.398 	 19.398
19.402 	 19.402
19.538 	 19.538
19.365 	 19.365
19.490 	 19.490
19.423 	 19.423
19.458 	 19.458
disconnec blutooth
---------------------------------------------------------------------------------------------------------------------------------------------i-s-----------o-n--------------n-------c-------------------------------------------- --bl-u---------------t-o-----------------o----th-------
19.418 	 19.418
19.370 	 19.370
19.518 	 19.518
19.592 	 19.592
19.471 	 19.471
19.421 	 19.421
19.361 	 19.361
19.382 	 19.382
19.386 	 19.386
19.427 	 19.427
disconnec blutoth
------------------------------------------------------------------------------------------------------------------------------d--------------i-s-----------o-n--------------n-------c-------------------------------------------- --bl-u---------------t-o----------------------th-------
19.481 	 19.481
19.317 	 19.317
19.595 	 19.595
19.512 	 19.512
19.466 	 19.466
19.371 	 19.371
19.370 	 19.370
19.501 	 19.501
19.436 	 19.436
19.447 	 19.447
disconnec blutoth
------------------------------------------------------------------------------------------------------------------------------d--------------i-s-----------o-n--------------n-------c-------------------------------------------- --bl-u---------------t-o----------------------t--------
19.245 	 19.245
19.381 	 19.381
19.510 	 19.510
19.361 	 19.361
19.521 	 19.521
19.456 	 19.456
19.353 	 19.353
19.429 	 19.429
19.381 	 19.381
19.398 	 19.398
disconnec blutoth
---------------------------------------------------------------------------------------------------------------------------------------------i-s-----------o-n--------------n-------c-------------------------------------------- --bl-u---------------t-o----------------------t--------
19.368 	 19.368
19.452 	 19.452
19.572 	 19.572
19.428 	 19.428
19.512 	 19.512
19.475 	 19.475
19.296 	 19.296
19.388 	 19.388
19.413 	 19.413
19.403 	 19.403
disconnec blutoth
------------------------------------------------------------------------------------------------------------------------------d--------------i-s-----------o-n--------------n-------c-------------------------------------------- --bl-u---------------t-o----------------------th-------
19.452 	 19.452
19.410 	 19.410
19.541 	 19.541
19.456 	 19.456
19.359 	 19.359
19.475 	 19.475
19.412 	 19.412
19.390 	 19.390
19.395 	 19.395
19.617 	 19.617
disconnec blutoth
---------------------------------------------------------------------------------------------------------------------------------------------i-s-----------o-n--------------n-------c-------------------------------------------- --bl-u---------------t-o----------------------t--------
19.541 	 19.541
19.593 	 19.593
19.516 	 19.516
19.513 	 19.513
19.771 	 19.771
19.475 	 19.475
19.574 	 19.574
19.548 	 19.548
19.724 	 19.724
19.449 	 19.449
disconnec blutoth
---------------------------------------------------------------------------------------------------------------------------------------------i-s-----------o-n--------------n-------c-------------------------------------------- --bl-u---------------t-o----------------------th-------
19.463 	 19.463
19.480 	 19.480
19.576 	 19.576
19.505 	 19.505
19.380 	 19.380
19.423 	 19.423
19.620 	 19.620
19.417 	 19.417
19.427 	 19.427
19.502 	 19.502
disconnec blutooth
------------------------------------------------------------------------------------------------------------------------------d--------------i-s-----------o-n--------------n-------c-------------------------------------------- --bl-u---------------t-o-----------------o----th-------
19.429 	 19.429
19.418 	 19.418
19.726 	 19.726
19.628 	 19.628
19.657 	 19.657
19.440 	 19.440
19.466 	 19.466
19.659 	 19.659
19.502 	 19.502
19.608 	 19.608
disconnec blutoth
---------------------------------------------------------------------------------------------------------------------------------------------i-s-----------o-n--------------n-------c-------------------------------------------- --bl-u---------------t-o----------------------th-------
19.402 	 19.402
19.720 	 19.720
19.490 	 19.490
19.512 	 19.512
19.365 	 19.365
19.411 	 19.411
19.423 	 19.423
19.407 	 19.407
19.345 	 19.345
19.320 	 19.320
disconnec blutoth
------------------------------------------------------------------------------------------------------------------------------d--------------i-s-----------o-n--------------n-------c-------------------------------------------- --bl-u---------------t-o----------------------th-------
19.508 	 19.508
19.388 	 19.388
19.401 	 19.401
19.454 	 19.454
19.375 	 19.375
19.380 	 19.380
19.369 	 19.369
19.558 	 19.558
19.872 	 19.872
19.738 	 19.738
Final distortion 56.295044
