source dB 62.03494071960449

-------------------------------------------------------------------------------------------------------------------------------------------------------------------------------------------------------------------------------------------------------------------------
68.787 	 68.787
74.682 	 74.682
51.743 	 51.743
36.804 	 36.804
45.592 	 45.592
29.880 	 29.880
23.258 	 23.258
22.484 	 22.484
18.216 	 18.216
19.535 	 19.535
 aldefl
----------------------------------------------------------------------------------------------------------------------------------------------------- ---a--l-l---ef-----l-----------------------------------------------------------------------------------------------
16.074 	 16.074
11.893 	 11.893
15.158 	 15.158
14.723 	 14.723
8.863 	 8.863
6.885 	 6.885
5.789 	 5.789
13.470 	 13.470
7.584 	 7.584
5.682 	 5.682
all evil
---------------------------------------------------------------------------------------------------------------------------------------------------------a--l-l --evi----l-----------------------------------------------------------------------------------------------
5.115 	 5.115
3.765 	 3.765
4.030 	 4.030
3.371 	 3.371
2.883 	 2.883
2.589 	 2.589
2.149 	 2.149
2.376 	 2.376
1.808 	 1.808
2.007 	 2.007
call evil
-------------------------------------------------------------------------------------------------------------------------------------------------------c-a--l-l --evi----l-----------------------------------------------------------------------------------------------
1.489 	 1.489
Worked i=0 ctcloss=1.489019 bound=1600.000024
3.386 	 3.386
2.133 	 2.133
1.437 	 1.437
1.123 	 1.123
1.273 	 1.273
1.123 	 1.123
0.932 	 0.932
0.810 	 0.810
0.792 	 0.792
call evil
-------------------------------------------------------------------------------------------------------------------------------------------------------c-a--l-l  -evi----l-----------------------------------------------------------------------------------------------
0.658 	 0.658
Worked i=0 ctcloss=0.658179 bound=1280.000091
0.588 	 0.588
0.509 	 0.509
0.427 	 0.427
0.390 	 0.390
0.329 	 0.329
0.451 	 0.451
0.413 	 0.413
0.322 	 0.322
0.304 	 0.304
call evil
-------------------------------------------------------------------------------------------------------------------------------------------------------c-a--l-l  -evii---l-----------------------------------------------------------------------------------------------
0.307 	 0.307
Worked i=0 ctcloss=0.307381 bound=1024.000049
0.337 	 0.337
0.486 	 0.486
0.410 	 0.410
0.288 	 0.288
0.261 	 0.261
0.223 	 0.223
0.257 	 0.257
0.224 	 0.224
0.210 	 0.210
call evil
-------------------------------------------------------------------------------------------------------------------------------------------------------cc-a-l-l  -evii---l-----------------------------------------------------------------------------------------------
0.188 	 0.188
Worked i=0 ctcloss=0.187976 bound=819.200039
0.190 	 0.190
0.183 	 0.183
0.240 	 0.240
0.177 	 0.177
0.159 	 0.159
0.187 	 0.187
0.185 	 0.185
0.135 	 0.135
0.168 	 0.168
call evil
-------------------------------------------------------------------------------------------------------------------------------------------------------cc-a-l-l  -evii---l-----------------------------------------------------------------------------------------------
0.152 	 0.152
Worked i=0 ctcloss=0.151670 bound=655.360043
0.149 	 0.149
0.158 	 0.158
0.109 	 0.109
0.121 	 0.121
0.137 	 0.137
0.092 	 0.092
0.115 	 0.115
0.171 	 0.171
0.153 	 0.153
call evil
-------------------------------------------------------------------------------------------------------------------------------------------------------cca--l-l  -evii---l-----------------------------------------------------------------------------------------------
0.104 	 0.104
Worked i=0 ctcloss=0.103566 bound=524.288058
0.209 	 0.209
0.182 	 0.182
0.154 	 0.154
0.111 	 0.111
0.100 	 0.100
0.150 	 0.150
0.160 	 0.160
0.113 	 0.113
0.138 	 0.138
call evil
-------------------------------------------------------------------------------------------------------------------------------------------------------cca--l-l  -evii---l-----------------------------------------------------------------------------------------------
0.110 	 0.110
Worked i=0 ctcloss=0.110053 bound=419.430465
0.143 	 0.143
0.113 	 0.113
0.112 	 0.112
0.091 	 0.091
0.069 	 0.069
0.055 	 0.055
0.083 	 0.083
0.062 	 0.062
0.054 	 0.054
call evil
-------------------------------------------------------------------------------------------------------------------------------------------------------cc-all-l  -evii---l-----------------------------------------------------------------------------------------------
0.077 	 0.077
Worked i=0 ctcloss=0.077335 bound=335.544378
0.084 	 0.084
0.062 	 0.062
0.103 	 0.103
0.141 	 0.141
0.095 	 0.095
0.079 	 0.079
0.072 	 0.072
0.058 	 0.058
0.053 	 0.053
call evil
-------------------------------------------------------------------------------------------------------------------------------------------------------c-a-l-ll  -evii---l-----------------------------------------------------------------------------------------------
0.053 	 0.053
Worked i=0 ctcloss=0.052815 bound=268.435508
0.155 	 0.155
0.078 	 0.078
0.074 	 0.074
0.057 	 0.057
0.076 	 0.076
0.061 	 0.061
0.062 	 0.062
0.047 	 0.047
0.077 	 0.077
call evil
-------------------------------------------------------------------------------------------------------------------------------------------------------c-all-ll  -evii---l-----------------------------------------------------------------------------------------------
0.061 	 0.061
Worked i=0 ctcloss=0.060528 bound=214.748412
0.163 	 0.163
0.105 	 0.105
0.069 	 0.069
0.067 	 0.067
0.050 	 0.050
0.046 	 0.046
0.047 	 0.047
0.037 	 0.037
0.037 	 0.037
call evil
-------------------------------------------------------------------------------------------------------------------------------------------------------c-all-ll  -evii---l-----------------------------------------------------------------------------------------------
0.036 	 0.036
Worked i=0 ctcloss=0.036075 bound=171.798736
0.124 	 0.124
0.252 	 0.252
0.071 	 0.071
0.059 	 0.059
0.068 	 0.068
0.058 	 0.058
0.043 	 0.043
0.057 	 0.057
0.045 	 0.045
call evil
-------------------------------------------------------------------------------------------------------------------------------------------------------c-all-ll  -evii---l-----------------------------------------------------------------------------------------------
0.055 	 0.055
Worked i=0 ctcloss=0.055354 bound=137.438998
0.279 	 0.279
0.143 	 0.143
0.088 	 0.088
0.097 	 0.097
0.077 	 0.077
0.072 	 0.072
0.055 	 0.055
0.084 	 0.084
0.063 	 0.063
call evil
-------------------------------------------------------------------------------------------------------------------------------------------------------c-all-ll  -evii---l-----------------------------------------------------------------------------------------------
0.046 	 0.046
Worked i=0 ctcloss=0.045550 bound=109.951198
0.399 	 0.399
0.271 	 0.271
0.155 	 0.155
0.495 	 0.495
0.178 	 0.178
0.120 	 0.120
0.205 	 0.205
0.148 	 0.148
0.090 	 0.090
call evil
-------------------------------------------------------------------------------------------------------------------------------------------------------c-a-l-ll  -evii---l-----------------------------------------------------------------------------------------------
0.080 	 0.080
Worked i=0 ctcloss=0.079774 bound=87.960958
1.640 	 1.640
0.735 	 0.735
0.502 	 0.502
0.330 	 0.330
0.237 	 0.237
0.213 	 0.213
0.154 	 0.154
0.153 	 0.153
0.182 	 0.182
call evil
-------------------------------------------------------------------------------------------------------------------------------------------------------c-a-l-ll  -evii---l-----------------------------------------------------------------------------------------------
0.124 	 0.124
Worked i=0 ctcloss=0.124090 bound=70.368767
1.477 	 1.477
0.871 	 0.871
0.554 	 0.554
0.376 	 0.376
0.300 	 0.300
0.301 	 0.301
0.205 	 0.205
0.170 	 0.170
0.210 	 0.210
call evil
-------------------------------------------------------------------------------------------------------------------------------------------------------c-a-l-ll  -evii---l-----------------------------------------------------------------------------------------------
0.122 	 0.122
Worked i=0 ctcloss=0.122348 bound=56.295015
4.447 	 4.447
2.211 	 2.211
1.572 	 1.572
0.667 	 0.667
0.618 	 0.618
0.468 	 0.468
0.533 	 0.533
0.385 	 0.385
0.304 	 0.304
call evil
-------------------------------------------------------------------------------------------------------------------------------------------------------c-a-l-ll  -evii---l-----------------------------------------------------------------------------------------------
0.277 	 0.277
Worked i=0 ctcloss=0.277344 bound=45.036014
33.482 	 33.482
14.116 	 14.116
4.374 	 4.374
2.395 	 2.395
5.091 	 5.091
4.356 	 4.356
1.387 	 1.387
1.205 	 1.205
1.248 	 1.248
call evil
-------------------------------------------------------------------------------------------------------------------------------------------------------c-a--l-l  -evii---l-----------------------------------------------------------------------------------------------
0.948 	 0.948
Worked i=0 ctcloss=0.948137 bound=36.028814
42.683 	 42.683
29.005 	 29.005
15.013 	 15.013
9.780 	 9.780
7.135 	 7.135
5.154 	 5.154
4.746 	 4.746
4.032 	 4.032
2.786 	 2.786
call evil
-------------------------------------------------------------------------------------------------------------------------------------------------------c-a--l-l  -evii---l-----------------------------------------------------------------------------------------------
2.492 	 2.492
Worked i=0 ctcloss=2.491953 bound=28.823052
29.957 	 29.957
21.464 	 21.464
13.879 	 13.879
11.415 	 11.415
9.437 	 9.437
7.526 	 7.526
6.153 	 6.153
5.092 	 5.092
4.520 	 4.520
call evil
---------------------------------------------------------------------------------------------------------------------------------------------------------a--l-l --ev-i-l-------------------------------------------------------------------------------------------------
3.873 	 3.873
Worked i=0 ctcloss=3.873240 bound=23.058442
43.413 	 43.413
32.520 	 32.520
19.164 	 19.164
14.536 	 14.536
11.898 	 11.898
10.039 	 10.039
8.843 	 8.843
7.941 	 7.941
7.351 	 7.351
all evel
----------------------------------------------------------------------------------------------------------------------------------------------------------a-l-l --ev-ell-------------------------------------------------------------------------------------------------
7.122 	 7.122
6.256 	 6.256
5.554 	 5.554
5.263 	 5.263
4.540 	 4.540
4.533 	 4.533
4.047 	 4.047
3.668 	 3.668
3.436 	 3.436
3.171 	 3.171
call evil
--------------------------------------------------------------------------------------------------------------------------------------------------------c-a-l-l --ev-ill-------------------------------------------------------------------------------------------------
3.372 	 3.372
Worked i=0 ctcloss=3.372027 bound=18.446755
50.360 	 50.360
45.704 	 45.704
32.934 	 32.934
20.868 	 20.868
15.401 	 15.401
14.879 	 14.879
12.352 	 12.352
11.242 	 11.242
9.208 	 9.208
cal evil
--------------------------------------------------------------------------------------------------------------------------------------------------------c-a-l-- --ev--ll-------------------------------------------------------------------------------------------------
7.728 	 7.728
6.884 	 6.884
5.943 	 5.943
5.674 	 5.674
5.621 	 5.621
4.758 	 4.758
4.641 	 4.641
4.204 	 4.204
4.195 	 4.195
3.779 	 3.779
call evil
---------------------------------------------------------------------------------------------------------------------------------------------------------a--l-l --ev-iill------------------------------------------------------------------------------------------------
3.605 	 3.605
Worked i=0 ctcloss=3.605437 bound=14.757404
47.593 	 47.593
50.605 	 50.605
30.779 	 30.779
26.732 	 26.732
17.516 	 17.516
15.316 	 15.316
14.612 	 14.612
12.697 	 12.697
11.625 	 11.625
ol evl
----------------------------------------------------------------------------------------------------------------------------------------------------------o-l-- --ev---l-------------------------------------------------------------------------------------------------
10.913 	 10.913
9.784 	 9.784
8.402 	 8.402
8.030 	 8.030
7.895 	 7.895
8.061 	 8.061
6.478 	 6.478
6.891 	 6.891
5.931 	 5.931
6.017 	 6.017
all evil
---------------------------------------------------------------------------------------------------------------------------------------------------------a--l-l --ev-iil-------------------------------------------------------------------------------------------------
5.652 	 5.652
5.419 	 5.419
5.103 	 5.103
4.881 	 4.881
4.961 	 4.961
4.552 	 4.552
4.455 	 4.455
4.416 	 4.416
4.208 	 4.208
4.180 	 4.180
call evil
----------------------------------------------------------------------------------------------------------------------------------------------------------a-l-l --ev-iil-------------------------------------------------------------------------------------------------
3.936 	 3.936
Worked i=0 ctcloss=3.936235 bound=11.805924
61.351 	 61.351
62.039 	 62.039
57.793 	 57.793
48.761 	 48.761
35.260 	 35.260
31.416 	 31.416
18.981 	 18.981
16.047 	 16.047
16.343 	 16.343
olever
----------------------------------------------------------------------------------------------------------------------------------------------------------o-l-----ev--er-------------------------------------------------------------------------------------------------
16.397 	 16.397
15.964 	 15.964
15.471 	 15.471
13.756 	 13.756
13.651 	 13.651
12.629 	 12.629
11.945 	 11.945
12.164 	 12.164
11.610 	 11.610
11.570 	 11.570
olevl
----------------------------------------------------------------------------------------------------------------------------------------------------------o-l-----ev----l------------------------------------------------------------------------------------------------
12.094 	 12.094
11.431 	 11.431
10.555 	 10.555
9.965 	 9.965
9.631 	 9.631
9.415 	 9.415
9.578 	 9.578
9.250 	 9.250
9.037 	 9.037
8.659 	 8.659
al evl
----------------------------------------------------------------------------------------------------------------------------------------------------------a-l-- --ev----l------------------------------------------------------------------------------------------------
8.518 	 8.518
8.382 	 8.382
8.444 	 8.444
8.096 	 8.096
8.073 	 8.073
7.997 	 7.997
7.282 	 7.282
7.248 	 7.248
7.155 	 7.155
6.907 	 6.907
al evil
----------------------------------------------------------------------------------------------------------------------------------------------------------a-l-l --ev---il------------------------------------------------------------------------------------------------
7.005 	 7.005
6.830 	 6.830
6.837 	 6.837
6.639 	 6.639
6.764 	 6.764
6.409 	 6.409
6.472 	 6.472
6.310 	 6.310
6.693 	 6.693
6.320 	 6.320
call evil
----------------------------------------------------------------------------------------------------------------------------------------------------------a-l-l --ev---il------------------------------------------------------------------------------------------------
6.276 	 6.276
Worked i=0 ctcloss=6.276424 bound=9.444739
61.187 	 61.187
60.477 	 60.477
59.744 	 59.744
59.451 	 59.451
57.023 	 57.023
55.558 	 55.558
54.285 	 54.285
47.562 	 47.562
44.404 	 44.404

-------------------------------------------------------------------------------------------------------------------------------------------------------------------------------------------------------------------------------------------------------------------------
40.560 	 40.560
35.100 	 35.100
31.707 	 31.707
24.345 	 24.345
22.316 	 22.316
21.362 	 21.362
19.709 	 19.709
20.342 	 20.342
20.098 	 20.098
20.139 	 20.139
ee
------------------------------------------------------------------------------------------------------------------------------------------------------------------e------------------------------------------------------------------------------------------------------
18.689 	 18.689
20.440 	 20.440
19.416 	 19.416
18.134 	 18.134
17.564 	 17.564
17.579 	 17.579
16.556 	 16.556
17.633 	 17.633
16.672 	 16.672
16.102 	 16.102
olevl
----------------------------------------------------------------------------------------------------------------------------------------------------------o-------ev-----l-----------------------------------------------------------------------------------------------
15.862 	 15.862
14.787 	 14.787
15.152 	 15.152
15.304 	 15.304
14.347 	 14.347
14.434 	 14.434
14.099 	 14.099
13.814 	 13.814
13.601 	 13.601
13.641 	 13.641
ol evel
----------------------------------------------------------------------------------------------------------------------------------------------------------o-l-----ev---el------------------------------------------------------------------------------------------------
13.627 	 13.627
13.636 	 13.636
13.124 	 13.124
12.843 	 12.843
12.932 	 12.932
13.274 	 13.274
12.659 	 12.659
12.848 	 12.848
12.437 	 12.437
12.401 	 12.401
solevel
----------------------------------------------------------------------------------------------------------------------------------------------------------o-l-----e----e-l-----------------------------------------------------------------------------------------------
12.652 	 12.652
12.298 	 12.298
12.056 	 12.056
12.194 	 12.194
11.889 	 11.889
11.963 	 11.963
12.120 	 12.120
11.874 	 11.874
11.657 	 11.657
11.196 	 11.196
olevel
----------------------------------------------------------------------------------------------------------------------------------------------------------o-l-----ev---il------------------------------------------------------------------------------------------------
11.539 	 11.539
11.147 	 11.147
11.755 	 11.755
11.421 	 11.421
11.070 	 11.070
11.638 	 11.638
11.588 	 11.588
11.066 	 11.066
11.336 	 11.336
11.147 	 11.147
sol evil
----------------------------------------------------------------------------------------------------------------------------------------------------------o-l-----ev---il------------------------------------------------------------------------------------------------
11.319 	 11.319
10.987 	 10.987
11.214 	 11.214
10.374 	 10.374
10.851 	 10.851
11.066 	 11.066
10.786 	 10.786
10.719 	 10.719
10.706 	 10.706
10.526 	 10.526
olevil
----------------------------------------------------------------------------------------------------------------------------------------------------------o-l-----e-v--i-l-----------------------------------------------------------------------------------------------
10.264 	 10.264
10.152 	 10.152
10.699 	 10.699
10.512 	 10.512
10.400 	 10.400
10.285 	 10.285
10.930 	 10.930
10.358 	 10.358
10.401 	 10.401
10.169 	 10.169
olevil
----------------------------------------------------------------------------------------------------------------------------------------------------------o-l-----ev---il------------------------------------------------------------------------------------------------
10.300 	 10.300
10.334 	 10.334
10.000 	 10.000
10.199 	 10.199
10.170 	 10.170
10.300 	 10.300
10.111 	 10.111
9.914 	 9.914
9.938 	 9.938
9.883 	 9.883
sol evil
----------------------------------------------------------------------------------------------------------------------------------------------------------o-l-----ev---il------------------------------------------------------------------------------------------------
10.009 	 10.009
10.569 	 10.569
9.686 	 9.686
9.666 	 9.666
10.084 	 10.084
9.777 	 9.777
9.767 	 9.767
9.978 	 9.978
9.573 	 9.573
9.528 	 9.528
sol evil
----------------------------------------------------------------------------------------------------------------------------------------------------------o-l-----ev---il------------------------------------------------------------------------------------------------
9.492 	 9.492
10.442 	 10.442
9.355 	 9.355
10.003 	 10.003
9.460 	 9.460
9.576 	 9.576
9.654 	 9.654
9.562 	 9.562
9.877 	 9.877
9.759 	 9.759
sol evil
----------------------------------------------------------------------------------------------------------------------------------------------------------o-l-- --ev---il------------------------------------------------------------------------------------------------
9.380 	 9.380
9.239 	 9.239
9.289 	 9.289
9.658 	 9.658
9.514 	 9.514
9.612 	 9.612
9.484 	 9.484
10.507 	 10.507
9.246 	 9.246
9.363 	 9.363
sol evil
----------------------------------------------------------------------------------------------------------------------------------------------------------o-l-----evv--il------------------------------------------------------------------------------------------------
9.278 	 9.278
9.537 	 9.537
9.581 	 9.581
9.106 	 9.106
8.885 	 8.885
9.546 	 9.546
9.432 	 9.432
9.419 	 9.419
9.554 	 9.554
9.246 	 9.246
ol evil
----------------------------------------------------------------------------------------------------------------------------------------------------------o-l-----ev---il------------------------------------------------------------------------------------------------
9.031 	 9.031
9.506 	 9.506
9.699 	 9.699
9.804 	 9.804
9.737 	 9.737
9.274 	 9.274
9.239 	 9.239
9.008 	 9.008
9.416 	 9.416
9.505 	 9.505
sol evil
----------------------------------------------------------------------------------------------------------------------------------------------------------o-l-- --ev---il------------------------------------------------------------------------------------------------
9.151 	 9.151
9.622 	 9.622
9.896 	 9.896
8.854 	 8.854
9.375 	 9.375
9.366 	 9.366
9.148 	 9.148
9.500 	 9.500
9.050 	 9.050
9.577 	 9.577
sol evil
----------------------------------------------------------------------------------------------------------------------------------------------------------o-l-- --e----il------------------------------------------------------------------------------------------------
9.095 	 9.095
9.654 	 9.654
9.425 	 9.425
9.461 	 9.461
9.447 	 9.447
9.127 	 9.127
9.371 	 9.371
9.456 	 9.456
9.487 	 9.487
9.148 	 9.148
sol evil
----------------------------------------------------------------------------------------------------------------------------------------------------------o-l-----ev---il------------------------------------------------------------------------------------------------
8.773 	 8.773
9.404 	 9.404
9.086 	 9.086
9.009 	 9.009
9.231 	 9.231
9.225 	 9.225
8.797 	 8.797
9.021 	 9.021
9.213 	 9.213
9.165 	 9.165
salevil
----------------------------------------------------------------------------------------------------------------------------------------------------------a-l-----e-v--il------------------------------------------------------------------------------------------------
9.410 	 9.410
9.080 	 9.080
9.299 	 9.299
9.376 	 9.376
9.335 	 9.335
9.457 	 9.457
8.974 	 8.974
9.134 	 9.134
8.636 	 8.636
8.754 	 8.754
sal evil
----------------------------------------------------------------------------------------------------------------------------------------------------------a-l-- --e----il------------------------------------------------------------------------------------------------
8.967 	 8.967
9.267 	 9.267
9.071 	 9.071
9.265 	 9.265
8.773 	 8.773
9.041 	 9.041
8.814 	 8.814
9.393 	 9.393
8.837 	 8.837
8.905 	 8.905
alevil
----------------------------------------------------------------------------------------------------------------------------------------------------------a-l-----e-v--il------------------------------------------------------------------------------------------------
8.676 	 8.676
9.536 	 9.536
8.916 	 8.916
8.804 	 8.804
8.565 	 8.565
8.770 	 8.770
8.455 	 8.455
8.631 	 8.631
8.761 	 8.761
9.387 	 9.387
alevil
----------------------------------------------------------------------------------------------------------------------------------------------------------a-l-----e-v--il------------------------------------------------------------------------------------------------
8.965 	 8.965
8.893 	 8.893
9.471 	 9.471
8.735 	 8.735
8.880 	 8.880
8.767 	 8.767
8.489 	 8.489
8.848 	 8.848
8.823 	 8.823
8.309 	 8.309
olevil
----------------------------------------------------------------------------------------------------------------------------------------------------------o-l-----evv--il------------------------------------------------------------------------------------------------
9.418 	 9.418
8.693 	 8.693
8.582 	 8.582
9.055 	 9.055
8.898 	 8.898
8.837 	 8.837
8.777 	 8.777
8.931 	 8.931
8.803 	 8.803
8.885 	 8.885
alevil
----------------------------------------------------------------------------------------------------------------------------------------------------------o-l-----e-v--il------------------------------------------------------------------------------------------------
8.506 	 8.506
9.075 	 9.075
8.492 	 8.492
8.570 	 8.570
8.985 	 8.985
8.904 	 8.904
9.029 	 9.029
8.740 	 8.740
9.573 	 9.573
8.479 	 8.479
olevil
----------------------------------------------------------------------------------------------------------------------------------------------------------o-l-----e-v--il------------------------------------------------------------------------------------------------
8.882 	 8.882
8.727 	 8.727
8.473 	 8.473
8.520 	 8.520
8.785 	 8.785
8.602 	 8.602
8.969 	 8.969
8.763 	 8.763
8.952 	 8.952
8.696 	 8.696
ol evil
----------------------------------------------------------------------------------------------------------------------------------------------------------o-l-----evv--il------------------------------------------------------------------------------------------------
9.324 	 9.324
9.203 	 9.203
8.936 	 8.936
8.741 	 8.741
8.675 	 8.675
8.867 	 8.867
8.772 	 8.772
8.707 	 8.707
8.973 	 8.973
8.729 	 8.729
sal evil
--------------------------------------------------------------------------------------------------------------------------------------------------------s-a-l-----e-v--il------------------------------------------------------------------------------------------------
9.418 	 9.418
8.770 	 8.770
9.395 	 9.395
9.020 	 9.020
9.647 	 9.647
8.889 	 8.889
8.501 	 8.501
9.080 	 9.080
9.133 	 9.133
9.034 	 9.034
sol evil
----------------------------------------------------------------------------------------------------------------------------------------------------------o-l-----e-v--il------------------------------------------------------------------------------------------------
9.062 	 9.062
8.674 	 8.674
8.800 	 8.800
9.322 	 9.322
9.236 	 9.236
8.496 	 8.496
8.615 	 8.615
9.357 	 9.357
8.577 	 8.577
9.031 	 9.031
salevil
----------------------------------------------------------------------------------------------------------------------------------------------------------a-l-----e-v--il------------------------------------------------------------------------------------------------
8.861 	 8.861
9.073 	 9.073
8.774 	 8.774
8.816 	 8.816
8.612 	 8.612
8.814 	 8.814
8.768 	 8.768
8.788 	 8.788
8.733 	 8.733
8.750 	 8.750
salevil
----------------------------------------------------------------------------------------------------------------------------------------------------------a-l-----e-v--il------------------------------------------------------------------------------------------------
9.048 	 9.048
8.879 	 8.879
8.603 	 8.603
8.573 	 8.573
8.824 	 8.824
8.820 	 8.820
8.633 	 8.633
8.726 	 8.726
8.572 	 8.572
8.558 	 8.558
alevil
----------------------------------------------------------------------------------------------------------------------------------------------------------a-l-----e-v--il------------------------------------------------------------------------------------------------
8.543 	 8.543
8.676 	 8.676
8.474 	 8.474
9.346 	 9.346
9.038 	 9.038
8.693 	 8.693
8.834 	 8.834
8.544 	 8.544
8.786 	 8.786
8.887 	 8.887
al evil
----------------------------------------------------------------------------------------------------------------------------------------------------------a-l-----e-v--il------------------------------------------------------------------------------------------------
8.586 	 8.586
8.387 	 8.387
8.801 	 8.801
8.692 	 8.692
8.520 	 8.520
8.475 	 8.475
8.861 	 8.861
8.619 	 8.619
8.969 	 8.969
8.725 	 8.725
sal evil
----------------------------------------------------------------------------------------------------------------------------------------------------------a-l-----e-v--il------------------------------------------------------------------------------------------------
8.569 	 8.569
8.993 	 8.993
8.630 	 8.630
8.600 	 8.600
8.828 	 8.828
8.884 	 8.884
8.751 	 8.751
8.587 	 8.587
8.731 	 8.731
8.648 	 8.648
al evil
----------------------------------------------------------------------------------------------------------------------------------------------------------a-l-----e-v--il------------------------------------------------------------------------------------------------
8.684 	 8.684
9.352 	 9.352
8.840 	 8.840
8.616 	 8.616
9.100 	 9.100
8.702 	 8.702
8.659 	 8.659
8.832 	 8.832
8.812 	 8.812
8.873 	 8.873
sal evil
----------------------------------------------------------------------------------------------------------------------------------------------------------a-l-----e-v--il------------------------------------------------------------------------------------------------
8.483 	 8.483
9.041 	 9.041
8.995 	 8.995
8.693 	 8.693
8.548 	 8.548
9.026 	 9.026
8.385 	 8.385
8.435 	 8.435
8.649 	 8.649
8.733 	 8.733
salevil
----------------------------------------------------------------------------------------------------------------------------------------------------------a-l-----e-v--il------------------------------------------------------------------------------------------------
8.658 	 8.658
8.887 	 8.887
8.578 	 8.578
8.713 	 8.713
8.536 	 8.536
8.580 	 8.580
8.858 	 8.858
9.016 	 9.016
8.592 	 8.592
8.690 	 8.690
sal evil
----------------------------------------------------------------------------------------------------------------------------------------------------------a-l-- --e-v--il------------------------------------------------------------------------------------------------
8.708 	 8.708
8.975 	 8.975
8.490 	 8.490
8.811 	 8.811
8.607 	 8.607
8.936 	 8.936
9.042 	 9.042
8.751 	 8.751
8.590 	 8.590
8.665 	 8.665
sal evil
----------------------------------------------------------------------------------------------------------------------------------------------------------a-l-- --e-v--il------------------------------------------------------------------------------------------------
8.904 	 8.904
8.793 	 8.793
8.604 	 8.604
8.586 	 8.586
8.455 	 8.455
8.591 	 8.591
8.400 	 8.400
8.381 	 8.381
8.770 	 8.770
8.521 	 8.521
sal evil
----------------------------------------------------------------------------------------------------------------------------------------------------------a-l-- --e-v--il------------------------------------------------------------------------------------------------
8.600 	 8.600
8.715 	 8.715
8.591 	 8.591
9.104 	 9.104
8.710 	 8.710
8.871 	 8.871
8.410 	 8.410
8.445 	 8.445
8.477 	 8.477
8.981 	 8.981
salevil
----------------------------------------------------------------------------------------------------------------------------------------------------------a-l-----e-v--il------------------------------------------------------------------------------------------------
8.375 	 8.375
8.663 	 8.663
8.672 	 8.672
9.130 	 9.130
8.490 	 8.490
8.622 	 8.622
8.689 	 8.689
8.480 	 8.480
8.796 	 8.796
8.913 	 8.913
olevil
----------------------------------------------------------------------------------------------------------------------------------------------------------o-l-----evv--il------------------------------------------------------------------------------------------------
8.901 	 8.901
8.583 	 8.583
8.306 	 8.306
8.477 	 8.477
8.703 	 8.703
8.440 	 8.440
9.487 	 9.487
8.682 	 8.682
8.696 	 8.696
8.454 	 8.454
sal evil
----------------------------------------------------------------------------------------------------------------------------------------------------------a-l-----e-v--il------------------------------------------------------------------------------------------------
8.801 	 8.801
8.386 	 8.386
8.594 	 8.594
8.645 	 8.645
8.683 	 8.683
8.766 	 8.766
8.784 	 8.784
8.528 	 8.528
9.003 	 9.003
8.657 	 8.657
sal evil
--------------------------------------------------------------------------------------------------------------------------------------------------------s-a-l-----ev---il------------------------------------------------------------------------------------------------
9.213 	 9.213
8.860 	 8.860
8.495 	 8.495
8.516 	 8.516
9.296 	 9.296
8.844 	 8.844
8.729 	 8.729
8.947 	 8.947
9.094 	 9.094
8.539 	 8.539
ol evil
----------------------------------------------------------------------------------------------------------------------------------------------------------o-l-----evv--il------------------------------------------------------------------------------------------------
8.881 	 8.881
9.151 	 9.151
8.289 	 8.289
8.698 	 8.698
9.061 	 9.061
8.159 	 8.159
8.702 	 8.702
8.536 	 8.536
8.458 	 8.458
8.602 	 8.602
sal evil
----------------------------------------------------------------------------------------------------------------------------------------------------------a-l-- --e----il------------------------------------------------------------------------------------------------
8.573 	 8.573
8.678 	 8.678
8.855 	 8.855
9.073 	 9.073
8.487 	 8.487
9.589 	 9.589
9.048 	 9.048
8.409 	 8.409
8.798 	 8.798
8.930 	 8.930
sal evil
----------------------------------------------------------------------------------------------------------------------------------------------------------a-l-----e-v--il------------------------------------------------------------------------------------------------
8.748 	 8.748
8.372 	 8.372
8.751 	 8.751
8.949 	 8.949
8.275 	 8.275
8.426 	 8.426
8.627 	 8.627
9.014 	 9.014
8.595 	 8.595
8.615 	 8.615
sal evil
----------------------------------------------------------------------------------------------------------------------------------------------------------a-l-- --e-v--il------------------------------------------------------------------------------------------------
8.612 	 8.612
8.759 	 8.759
8.849 	 8.849
8.592 	 8.592
8.614 	 8.614
8.820 	 8.820
8.786 	 8.786
8.950 	 8.950
8.460 	 8.460
8.652 	 8.652
sal evil
----------------------------------------------------------------------------------------------------------------------------------------------------------a-l-- --e-v--il------------------------------------------------------------------------------------------------
8.937 	 8.937
8.907 	 8.907
8.578 	 8.578
8.679 	 8.679
8.814 	 8.814
8.847 	 8.847
8.861 	 8.861
8.641 	 8.641
8.491 	 8.491
8.318 	 8.318
sol evil
----------------------------------------------------------------------------------------------------------------------------------------------------------o-l-----e-v--il------------------------------------------------------------------------------------------------
8.471 	 8.471
8.647 	 8.647
8.633 	 8.633
8.413 	 8.413
8.579 	 8.579
8.666 	 8.666
8.677 	 8.677
8.737 	 8.737
8.950 	 8.950
8.548 	 8.548
al evil
----------------------------------------------------------------------------------------------------------------------------------------------------------a-l-----e-v--il------------------------------------------------------------------------------------------------
8.783 	 8.783
8.756 	 8.756
8.611 	 8.611
8.727 	 8.727
8.518 	 8.518
8.737 	 8.737
8.647 	 8.647
8.456 	 8.456
8.558 	 8.558
8.693 	 8.693
solevil
----------------------------------------------------------------------------------------------------------------------------------------------------------o-l-----e-v--il------------------------------------------------------------------------------------------------
8.933 	 8.933
8.884 	 8.884
8.887 	 8.887
8.602 	 8.602
8.202 	 8.202
8.811 	 8.811
8.452 	 8.452
8.568 	 8.568
8.573 	 8.573
8.751 	 8.751
sal evil
----------------------------------------------------------------------------------------------------------------------------------------------------------a-l-----e-v--ill-----------------------------------------------------------------------------------------------
8.851 	 8.851
8.612 	 8.612
8.855 	 8.855
8.567 	 8.567
8.701 	 8.701
8.583 	 8.583
8.707 	 8.707
8.518 	 8.518
8.741 	 8.741
8.260 	 8.260
salevil
----------------------------------------------------------------------------------------------------------------------------------------------------------a-l-----e-v--il------------------------------------------------------------------------------------------------
8.616 	 8.616
8.927 	 8.927
8.465 	 8.465
8.114 	 8.114
8.472 	 8.472
8.405 	 8.405
8.571 	 8.571
8.600 	 8.600
8.677 	 8.677
8.801 	 8.801
al evil
----------------------------------------------------------------------------------------------------------------------------------------------------------a-l-----e-v--il------------------------------------------------------------------------------------------------
8.340 	 8.340
8.242 	 8.242
8.355 	 8.355
8.434 	 8.434
8.654 	 8.654
8.380 	 8.380
8.274 	 8.274
8.679 	 8.679
8.388 	 8.388
8.506 	 8.506
sal evil
----------------------------------------------------------------------------------------------------------------------------------------------------------a-l-----e-v--il------------------------------------------------------------------------------------------------
8.531 	 8.531
8.514 	 8.514
8.658 	 8.658
8.468 	 8.468
9.041 	 9.041
8.420 	 8.420
8.306 	 8.306
8.541 	 8.541
8.874 	 8.874
8.541 	 8.541
sal evil
----------------------------------------------------------------------------------------------------------------------------------------------------------a-l-----e-v--ill-----------------------------------------------------------------------------------------------
9.235 	 9.235
8.700 	 8.700
8.461 	 8.461
8.681 	 8.681
8.343 	 8.343
8.750 	 8.750
8.647 	 8.647
8.301 	 8.301
8.480 	 8.480
8.651 	 8.651
sal evil
----------------------------------------------------------------------------------------------------------------------------------------------------------a-l-- --e-v--il------------------------------------------------------------------------------------------------
8.460 	 8.460
8.313 	 8.313
8.494 	 8.494
8.290 	 8.290
8.581 	 8.581
8.477 	 8.477
8.577 	 8.577
9.073 	 9.073
8.506 	 8.506
8.486 	 8.486
salevil
----------------------------------------------------------------------------------------------------------------------------------------------------------a-l-----e-v--il------------------------------------------------------------------------------------------------
8.663 	 8.663
8.366 	 8.366
8.330 	 8.330
9.190 	 9.190
8.458 	 8.458
8.440 	 8.440
8.677 	 8.677
8.446 	 8.446
8.594 	 8.594
8.686 	 8.686
sal evil
----------------------------------------------------------------------------------------------------------------------------------------------------------a-l-----e-v--il------------------------------------------------------------------------------------------------
8.495 	 8.495
8.335 	 8.335
8.683 	 8.683
8.770 	 8.770
8.664 	 8.664
8.627 	 8.627
8.244 	 8.244
8.962 	 8.962
8.581 	 8.581
8.879 	 8.879
sal evil
----------------------------------------------------------------------------------------------------------------------------------------------------------a-l-----e-v--il------------------------------------------------------------------------------------------------
8.449 	 8.449
8.838 	 8.838
8.730 	 8.730
8.603 	 8.603
8.622 	 8.622
8.779 	 8.779
8.314 	 8.314
8.532 	 8.532
8.359 	 8.359
8.244 	 8.244
olevil
----------------------------------------------------------------------------------------------------------------------------------------------------------o-l-----e-v--il------------------------------------------------------------------------------------------------
8.603 	 8.603
8.478 	 8.478
8.826 	 8.826
8.709 	 8.709
8.860 	 8.860
8.857 	 8.857
8.226 	 8.226
8.495 	 8.495
8.294 	 8.294
8.821 	 8.821
alevil
----------------------------------------------------------------------------------------------------------------------------------------------------------a-l-----e-v--il------------------------------------------------------------------------------------------------
8.683 	 8.683
8.456 	 8.456
8.587 	 8.587
8.640 	 8.640
8.409 	 8.409
8.557 	 8.557
8.479 	 8.479
8.268 	 8.268
8.689 	 8.689
8.419 	 8.419
sal evil
----------------------------------------------------------------------------------------------------------------------------------------------------------a-l-----evv--il------------------------------------------------------------------------------------------------/u/zw9ga/.conda/envs/ml/lib/python3.6/site-packages/tensorflow/python/framework/dtypes.py:517: FutureWarning: Passing (type, 1) or '1type' as a synonym of type is deprecated; in a future version of numpy, it will be understood as (type, (1,)) / '(1,)type'.
  _np_qint8 = np.dtype([("qint8", np.int8, 1)])
/u/zw9ga/.conda/envs/ml/lib/python3.6/site-packages/tensorflow/python/framework/dtypes.py:518: FutureWarning: Passing (type, 1) or '1type' as a synonym of type is deprecated; in a future version of numpy, it will be understood as (type, (1,)) / '(1,)type'.
  _np_quint8 = np.dtype([("quint8", np.uint8, 1)])
/u/zw9ga/.conda/envs/ml/lib/python3.6/site-packages/tensorflow/python/framework/dtypes.py:519: FutureWarning: Passing (type, 1) or '1type' as a synonym of type is deprecated; in a future version of numpy, it will be understood as (type, (1,)) / '(1,)type'.
  _np_qint16 = np.dtype([("qint16", np.int16, 1)])
/u/zw9ga/.conda/envs/ml/lib/python3.6/site-packages/tensorflow/python/framework/dtypes.py:520: FutureWarning: Passing (type, 1) or '1type' as a synonym of type is deprecated; in a future version of numpy, it will be understood as (type, (1,)) / '(1,)type'.
  _np_quint16 = np.dtype([("quint16", np.uint16, 1)])
/u/zw9ga/.conda/envs/ml/lib/python3.6/site-packages/tensorflow/python/framework/dtypes.py:521: FutureWarning: Passing (type, 1) or '1type' as a synonym of type is deprecated; in a future version of numpy, it will be understood as (type, (1,)) / '(1,)type'.
  _np_qint32 = np.dtype([("qint32", np.int32, 1)])
/u/zw9ga/.conda/envs/ml/lib/python3.6/site-packages/tensorflow/python/framework/dtypes.py:526: FutureWarning: Passing (type, 1) or '1type' as a synonym of type is deprecated; in a future version of numpy, it will be understood as (type, (1,)) / '(1,)type'.
  np_resource = np.dtype([("resource", np.ubyte, 1)])

8.589 	 8.589
8.521 	 8.521
8.280 	 8.280
8.830 	 8.830
8.057 	 8.057
9.139 	 9.139
8.846 	 8.846
8.557 	 8.557
8.743 	 8.743
8.401 	 8.401
sal evil
----------------------------------------------------------------------------------------------------------------------------------------------------------a-l-----e-v--il------------------------------------------------------------------------------------------------
8.385 	 8.385
8.541 	 8.541
8.435 	 8.435
8.817 	 8.817
8.130 	 8.130
8.551 	 8.551
8.720 	 8.720
8.592 	 8.592
8.439 	 8.439
8.754 	 8.754
sal evil
----------------------------------------------------------------------------------------------------------------------------------------------------------a-l-----e-v--il------------------------------------------------------------------------------------------------
8.550 	 8.550
9.100 	 9.100
8.356 	 8.356
8.549 	 8.549
8.187 	 8.187
8.551 	 8.551
8.657 	 8.657
8.508 	 8.508
8.409 	 8.409
8.489 	 8.489
alevil
----------------------------------------------------------------------------------------------------------------------------------------------------------a-l-----e-v--il------------------------------------------------------------------------------------------------
8.578 	 8.578
8.544 	 8.544
8.179 	 8.179
8.880 	 8.880
8.810 	 8.810
8.304 	 8.304
8.967 	 8.967
8.681 	 8.681
8.630 	 8.630
8.606 	 8.606
Final distortion 11.805923
