source dB 62.03494071960449

-------------------------------------------------------------------------------------------------------------------------------------------------------------------------------------------------------------------------------------------------------------------------
141.875 	 141.875
180.042 	 180.042
116.727 	 116.727
71.801 	 71.801
79.937 	 79.937
60.453 	 60.453
55.762 	 55.762
54.280 	 54.280
57.505 	 57.505
48.658 	 48.658
is on ac co 
----------------------------------------------------------------------------------------------------------------------------------------------i------- ---o-----------------------a-c-----------c-o----------------------------------------------------------------------
44.063 	 44.063
38.935 	 38.935
36.777 	 36.777
34.762 	 34.762
35.131 	 35.131
26.708 	 26.708
23.758 	 23.758
21.448 	 21.448
21.649 	 21.649
20.022 	 20.022
isconectible toth
----------------------------------------------------------------------------------------------------------------------------------------------i-sss-----c-o--n--------------------e-c-t------i--bllee-  t-o---------------------th---------------------------------------
23.868 	 23.868
24.813 	 24.813
28.311 	 28.311
27.669 	 27.669
23.385 	 23.385
18.256 	 18.256
19.431 	 19.431
16.509 	 16.509
14.104 	 14.104
12.449 	 12.449
disconnect buetoth
-----------------------------------------------------------------------------------------------------------------------------------d---------i-ss-------c-o-n----------------------ec-t-------  b-u------et----o----------------th---------------------------------------
11.889 	 11.889
10.840 	 10.840
9.638 	 9.638
10.250 	 10.250
9.194 	 9.194
7.405 	 7.405
8.244 	 8.244
8.058 	 8.058
6.521 	 6.521
6.555 	 6.555
disconnect bluetooth
-----------------------------------------------------------------------------------------------------------------------------------d----------i-ss------c-o-n-----------------n---e-ctt-------  blu------et---oo-o--------------th---------------------------------------
5.618 	 5.618
Worked i=0 ctcloss=5.618218 bound=1600.000024
5.372 	 5.372
4.906 	 4.906
4.441 	 4.441
3.880 	 3.880
3.543 	 3.543
3.081 	 3.081
4.985 	 4.985
6.584 	 6.584
4.671 	 4.671
disconnect bluetooth
------------------------------------------------------------------------------------------------------------------------------------d--------i-ss-------c-o-n-----------------n---e-ctt-------- blu------et---o--oo-------------th---------------------------------------
3.127 	 3.127
Worked i=0 ctcloss=3.126631 bound=1280.000091
2.724 	 2.724
2.915 	 2.915
2.781 	 2.781
3.579 	 3.579
2.656 	 2.656
3.368 	 3.368
2.489 	 2.489
2.538 	 2.538
2.121 	 2.121
disconnect bluetooth
-----------------------------------------------------------------------------------------------------------------------------------d---------i-ss-------c-o-n-----------------n--e--ctt------- -blu------ett--o--oo-------------th---------------------------------------
1.735 	 1.735
Worked i=0 ctcloss=1.735271 bound=1024.000049
1.476 	 1.476
2.579 	 2.579
1.660 	 1.660
1.924 	 1.924
1.840 	 1.840
1.435 	 1.435
2.953 	 2.953
2.164 	 2.164
1.621 	 1.621
disconnect bluetooth
-----------------------------------------------------------------------------------------------------------------------------------d----------iss-------c-o-n-----------------n---e--ctt------- -blu------et--oo-oo-------------th---------------------------------------
2.168 	 2.168
Worked i=0 ctcloss=2.167765 bound=819.200039
1.598 	 1.598
1.320 	 1.320
1.289 	 1.289
1.103 	 1.103
0.952 	 0.952
1.052 	 1.052
0.896 	 0.896
0.768 	 0.768
0.683 	 0.683
disconnect bluetooth
-----------------------------------------------------------------------------------------------------------------------------------d---------i-ss-------c-o-n-----------------nn--e--ctt------  -blu------et---o-oo-------------th---------------------------------------
0.635 	 0.635
Worked i=0 ctcloss=0.634672 bound=655.360043
0.690 	 0.690
0.627 	 0.627
0.480 	 0.480
0.434 	 0.434
0.360 	 0.360
0.328 	 0.328
0.308 	 0.308
0.292 	 0.292
0.269 	 0.269
disconnect bluetooth
-----------------------------------------------------------------------------------------------------------------------------------d---------i-ss-------c-o-n-----------------n---e-ctt-------  -blu------et---o-oo-------------th---------------------------------------
0.439 	 0.439
Worked i=0 ctcloss=0.439031 bound=524.288058
0.443 	 0.443
0.971 	 0.971
1.468 	 1.468
1.389 	 1.389
1.589 	 1.589
4.097 	 4.097
5.199 	 5.199
5.471 	 5.471
3.982 	 3.982
disconnect bluetooth
-----------------------------------------------------------------------------------------------------------------------------------d----------i-s-------c-o-n----------------nn---e--ct-------  -blu------et----o-o-------------th---------------------------------------
4.743 	 4.743
Worked i=0 ctcloss=4.743276 bound=419.430465
4.848 	 4.848
2.546 	 2.546
2.330 	 2.330
2.759 	 2.759
1.958 	 1.958
1.203 	 1.203
0.854 	 0.854
0.591 	 0.591
0.428 	 0.428
disconnect bluetooth
-----------------------------------------------------------------------------------------------------------------------------------d----------i-ss------c-o-n-----------------nn--e-ctt-------  -blu------et----o-o-------------th---------------------------------------
0.338 	 0.338
Worked i=0 ctcloss=0.337924 bound=335.544378
0.351 	 0.351
0.276 	 0.276
0.210 	 0.210
0.179 	 0.179
0.185 	 0.185
0.287 	 0.287
0.276 	 0.276
0.241 	 0.241
0.216 	 0.216
disconnect bluetooth
-----------------------------------------------------------------------------------------------------------------------------------d---------i-ss-------c-o-n-----------------nnn-e-ctt--------  bl-u-----et----o-o-------------th---------------------------------------
1.163 	 1.163
Worked i=0 ctcloss=1.162567 bound=268.435508
1.125 	 1.125
1.686 	 1.686
0.662 	 0.662
0.418 	 0.418
0.309 	 0.309
0.263 	 0.263
0.212 	 0.212
0.148 	 0.148
0.130 	 0.130
disconnect bluetooth
-----------------------------------------------------------------------------------------------------------------------------------d----------i-ss------c-o-n-----------------nn--e-ctt-------  -blu------et----o-o-------------th---------------------------------------
0.114 	 0.114
Worked i=0 ctcloss=0.114287 bound=214.748412
0.205 	 0.205
0.151 	 0.151
0.131 	 0.131
0.105 	 0.105
0.085 	 0.085
0.070 	 0.070
0.114 	 0.114
0.093 	 0.093
0.093 	 0.093
disconnect bluetooth
-----------------------------------------------------------------------------------------------------------------------------------d----------i-ss------c-o-n------------------n--e-ctt-------  -bllu-----et----o-o-------------th---------------------------------------
0.077 	 0.077
Worked i=0 ctcloss=0.077104 bound=171.798736
0.139 	 0.139
0.125 	 0.125
0.150 	 0.150
0.130 	 0.130
0.096 	 0.096
0.093 	 0.093
0.085 	 0.085
0.066 	 0.066
0.069 	 0.069
disconnect bluetooth
-----------------------------------------------------------------------------------------------------------------------------------d----------i-ss------c-o-n-----------------nn--e-ctt-------  -bllu----e-t----o-o-------------th---------------------------------------
0.056 	 0.056
Worked i=0 ctcloss=0.055977 bound=137.438998
0.140 	 0.140
0.097 	 0.097
0.072 	 0.072
0.061 	 0.061
0.054 	 0.054
0.049 	 0.049
0.041 	 0.041
0.044 	 0.044
0.044 	 0.044
disconnect bluetooth
-----------------------------------------------------------------------------------------------------------------------------------d----------i-ss------c-o-n-----------------nn--e-ctt-------  -bllu----e-t----o-o-------------th---------------------------------------
0.035 	 0.035
Worked i=0 ctcloss=0.035010 bound=109.951198
0.360 	 0.360
0.151 	 0.151
0.129 	 0.129
0.106 	 0.106
0.074 	 0.074
0.069 	 0.069
0.052 	 0.052
0.055 	 0.055
0.044 	 0.044
disconnect bluetooth
-----------------------------------------------------------------------------------------------------------------------------------d----------i-ss------c-o-n-----------------nn--e-ctt-------  -bllu----e-t----o-o-------------th---------------------------------------
0.040 	 0.040
Worked i=0 ctcloss=0.040175 bound=87.960958
4.781 	 4.781
1.311 	 1.311
0.728 	 0.728
0.441 	 0.441
0.381 	 0.381
0.263 	 0.263
0.236 	 0.236
0.506 	 0.506
0.257 	 0.257
disconnect bluetooth
------------------------------------------------------------------------------------------------------------------------------------d---------i-ss------c-o-n-----------------n---e-ctt-------  -bllu----e-t----o-o-------------th---------------------------------------
0.193 	 0.193
Worked i=0 ctcloss=0.193218 bound=70.368767
1.717 	 1.717
2.012 	 2.012
1.553 	 1.553
0.867 	 0.867
0.724 	 0.724
0.487 	 0.487
0.326 	 0.326
0.250 	 0.250
0.250 	 0.250
disconnect bluetooth
------------------------------------------------------------------------------------------------------------------------------------d---------i-ss------c-o-n-----------------nn--e-ct--------  -bllu----e-t----o-o-------------th---------------------------------------
0.205 	 0.205
Worked i=0 ctcloss=0.205089 bound=56.295015
7.507 	 7.507
3.252 	 3.252
1.770 	 1.770
1.394 	 1.394
0.971 	 0.971
0.715 	 0.715
0.661 	 0.661
0.643 	 0.643
0.476 	 0.476
disconnect bluetooth
------------------------------------------------------------------------------------------------------------------------------------d---------i-ss------c-o-n-----------------nn-e--ctt-------  -bllu-----et----o-o-------------th---------------------------------------
0.369 	 0.369
Worked i=0 ctcloss=0.369383 bound=45.036014
9.246 	 9.246
6.126 	 6.126
4.700 	 4.700
2.723 	 2.723
2.042 	 2.042
1.601 	 1.601
1.095 	 1.095
0.923 	 0.923
0.727 	 0.727
disconnect bluetooth
------------------------------------------------------------------------------------------------------------------------------------d---------i-ss------c-o--n----------------nn--e-ctt-------  -bllu-----et----o-o-------------th---------------------------------------
0.617 	 0.617
Worked i=0 ctcloss=0.616949 bound=36.028814
28.553 	 28.553
16.449 	 16.449
8.427 	 8.427
5.949 	 5.949
4.511 	 4.511
3.226 	 3.226
2.494 	 2.494
1.769 	 1.769
1.407 	 1.407
disconnect bluetooth
------------------------------------------------------------------------------------------------------------------------------------d---------i-ss------c-o--n-----------------n--e-ctt-------  -bllu-----et----o-o-------------th---------------------------------------
1.287 	 1.287
Worked i=0 ctcloss=1.287341 bound=28.823052
34.817 	 34.817
21.347 	 21.347
15.928 	 15.928
15.374 	 15.374
10.945 	 10.945
8.446 	 8.446
7.331 	 7.331
9.363 	 9.363
5.961 	 5.961
disconnect bluetooth
------------------------------------------------------------------------------------------------------------------------------------d---------i--ss------c-o--n-----------------n-e--ct-------- -bllu-----et----o-o--------------th--------------------------------------
5.746 	 5.746
Worked i=0 ctcloss=5.745531 bound=23.058442
119.621 	 119.621
105.704 	 105.704
76.444 	 76.444
55.891 	 55.891
38.508 	 38.508
34.311 	 34.311
27.978 	 27.978
25.244 	 25.244
23.987 	 23.987
disconnect bluetoi
------------------------------------------------------------------------------------------------------------------------------------d----------i--s-------c-o-n------------------n-e-ct-------  b-l-u-----et-----o------------------i------------------------------------
22.480 	 22.480
21.919 	 21.919
19.137 	 19.137
16.376 	 16.376
16.403 	 16.403
13.464 	 13.464
12.028 	 12.028
11.583 	 11.583
10.465 	 10.465
8.869 	 8.869
disconnect bluetooth
------------------------------------------------------------------------------------------------------------------------------------d---------i--ss------c-o--n-----------------n-e--ct-------- -bllu----e-t---o----------------th---------------------------------------
8.272 	 8.272
Worked i=0 ctcloss=8.271925 bound=18.446755
43.853 	 43.853
41.349 	 41.349
36.165 	 36.165
32.320 	 32.320
26.858 	 26.858
23.119 	 23.119
20.825 	 20.825
19.986 	 19.986
20.007 	 20.007
disconnect bluitoth
------------------------------------------------------------------------------------------------------------------------------------d---------i---s------c-o--n------------------n-e-ct-------- -bllu-----it----o---------------th---------------------------------------
16.671 	 16.671
15.506 	 15.506
15.172 	 15.172
14.467 	 14.467
13.179 	 13.179
12.510 	 12.510
11.263 	 11.263
11.445 	 11.445
10.980 	 10.980
10.337 	 10.337
disconnect bluetoth
------------------------------------------------------------------------------------------------------------------------------------d---------i---s------c-o--n------------------n-e-ctt------- -bllu----e-t----o---------------th---------------------------------------
9.489 	 9.489
8.971 	 8.971
7.932 	 7.932
7.482 	 7.482
7.309 	 7.309
6.904 	 6.904
6.988 	 6.988
6.604 	 6.604
6.258 	 6.258
5.849 	 5.849
disconnect bluetooth
------------------------------------------------------------------------------------------------------------------------------------d---------i---ss-----c-o--n-----------------nn-e-ctt------- -bllu----e-t----o---------------th---------------------------------------
5.416 	 5.416
Worked i=0 ctcloss=5.415944 bound=14.757404
68.899 	 68.899
57.997 	 57.997
45.424 	 45.424
38.578 	 38.578
32.997 	 32.997
31.453 	 31.453
28.919 	 28.919
27.330 	 27.330
25.423 	 25.423
t iscnect blud 
------------------------------------------------------------------------------------------------------------------------------------t------ ---i---s-----c-----------------------n-e-ctt------- -bllu-------d---- -------------------------------------------------------
22.886 	 22.886
20.356 	 20.356
18.236 	 18.236
17.704 	 17.704
16.618 	 16.618
15.585 	 15.585
14.810 	 14.810
14.973 	 14.973
14.575 	 14.575
13.362 	 13.362
disconnect bluetot
------------------------------------------------------------------------------------------------------------------------------------d----------i---s-----c-o--n------------------n-e-ctt------- -bllu-----et----o---------------t----------------------------------------
13.147 	 13.147
12.172 	 12.172
11.389 	 11.389
10.639 	 10.639
9.957 	 9.957
9.693 	 9.693
9.314 	 9.314
8.870 	 8.870
8.655 	 8.655
7.970 	 7.970
disconnect bluetoth
------------------------------------------------------------------------------------------------------------------------------------d----------i--ss-----c-o--n------------------n-e-ctt------  -bllu----e-t----o---------------th---------------------------------------
7.857 	 7.857
7.197 	 7.197
6.922 	 6.922
6.523 	 6.523
6.520 	 6.520
5.908 	 5.908
5.922 	 5.922
5.823 	 5.823
5.574 	 5.574
5.354 	 5.354
disconnect bluetoth
------------------------------------------------------------------------------------------------------------------------------------d---------ii--ss-----c-o--n------------------n-e-ctt------- -bllu----e-t----o---------------th---------------------------------------
5.837 	 5.837
4.924 	 4.924
4.840 	 4.840
5.380 	 5.380
4.465 	 4.465
4.439 	 4.439
4.516 	 4.516
4.307 	 4.307
4.269 	 4.269
4.410 	 4.410
disconnect bluetooth
------------------------------------------------------------------------------------------------------------------------------------d----------i---s-----c-o--n-----------------nne--ct-------  -bllu----e-t----o--o------------th---------------------------------------
3.863 	 3.863
Worked i=0 ctcloss=3.863457 bound=11.805924
91.468 	 91.468
89.766 	 89.766
58.241 	 58.241
56.031 	 56.031
44.253 	 44.253
38.462 	 38.462
34.930 	 34.930
33.205 	 33.205
30.781 	 30.781
tisnext blud 
------------------------------------------------------------------------------------------------------------------------------------t----------i----s----------------------------n-e-xtt------  b-l-u-------d------------------------------------------------------------
27.981 	 27.981
27.187 	 27.187
24.995 	 24.995
21.993 	 21.993
21.804 	 21.804
21.086 	 21.086
19.310 	 19.310
19.239 	 19.239
18.226 	 18.226
17.758 	 17.758
disconnect bluet
------------------------------------------------------------------------------------------------------------------------------------d----------i---s-----c-o--n------------------n-e-ctt------- -bllu-----e-t------------------------------------------------------------
16.209 	 16.209
15.930 	 15.930
15.482 	 15.482
14.505 	 14.505
14.514 	 14.514
13.592 	 13.592
12.674 	 12.674
12.746 	 12.746
12.447 	 12.447
11.610 	 11.610
disconnect bluetot
------------------------------------------------------------------------------------------------------------------------------------d----------i---s-----c-o--n-----------------n-e--ct-------  -bllu-----e-t--------------------t---------------------------------------
11.263 	 11.263
10.972 	 10.972
11.026 	 11.026
11.257 	 11.257
10.339 	 10.339
10.697 	 10.697
10.608 	 10.608
10.520 	 10.520
9.946 	 9.946
9.629 	 9.629
disconnect bluetoot
------------------------------------------------------------------------------------------------------------------------------------d----------i---s-----c-o--n-----------------n-e--ct-------  -bllu-----e-t--------o--o-------t----------------------------------------
9.686 	 9.686
9.207 	 9.207
8.904 	 8.904
8.955 	 8.955
9.121 	 9.121
10.030 	 10.030
9.031 	 9.031
8.092 	 8.092
8.131 	 8.131
7.978 	 7.978
disconnect bluetoth
------------------------------------------------------------------------------------------------------------------------------------d----------i---s-----c-o--n-----------------n-e--ctt------  -bllu-----e-t--------o----------th---------------------------------------
7.928 	 7.928
7.724 	 7.724
7.420 	 7.420
7.219 	 7.219
7.305 	 7.305
7.513 	 7.513
6.900 	 6.900
6.885 	 6.885
6.514 	 6.514
6.925 	 6.925
disconnect bluetooth
------------------------------------------------------------------------------------------------------------------------------------d----------i---s-----c-o--n-----------------n-e--ct-------  -bllu-----e-t--------o--o-------th---------------------------------------
6.787 	 6.787
Worked i=0 ctcloss=6.787174 bound=9.444739
72.275 	 72.275
71.453 	 71.453
68.463 	 68.463
63.206 	 63.206
57.059 	 57.059
49.121 	 49.121
47.175 	 47.175
40.286 	 40.286
36.357 	 36.357
i next bluy
-----------------------------------------------------------------------------------------------------------------------------------------------i---------------------------------n-e-xtt------- -bl-u--------------------------------------------------------------------
35.047 	 35.047
33.693 	 33.693
31.796 	 31.796
29.199 	 29.199
28.424 	 28.424
26.360 	 26.360
25.545 	 25.545
22.748 	 22.748
23.971 	 23.971
22.462 	 22.462
tiscnnect blue t
------------------------------------------------------------------------------------------------------------------------------------t----------i----s----------------------------n-e-ctt------- -bll-u---e-----------------------t---------------------------------------
21.868 	 21.868
22.071 	 22.071
21.693 	 21.693
20.683 	 20.683
20.069 	 20.069
19.706 	 19.706
19.026 	 19.026
18.588 	 18.588
18.305 	 18.305
17.084 	 17.084
tisconnect blueo
------------------------------------------------------------------------------------------------------------------------------------t----------i---s-----c-o--n-----------------nn-e-ctt-------  bll-u---e---------------------------------------------------------------
17.206 	 17.206
16.626 	 16.626
16.273 	 16.273
15.932 	 15.932
15.039 	 15.039
14.838 	 14.838
14.800 	 14.800
14.308 	 14.308
13.653 	 13.653
14.397 	 14.397
tisconnect blueot
------------------------------------------------------------------------------------------------------------------------------------t----------i---s-----c-o--n-----------------n-e--ctt------- -bll-u---e-----------------------t---------------------------------------
13.569 	 13.569
12.907 	 12.907
12.890 	 12.890
13.001 	 13.001
12.161 	 12.161
12.914 	 12.914
12.248 	 12.248
12.021 	 12.021
12.251 	 12.251
11.201 	 11.201
disconnect blueo
------------------------------------------------------------------------------------------------------------------------------------d----------i---s-----c-o--n-----------------n-e--ctt-------  bll-u---ee------o-------------------------------------------------------
11.020 	 11.020
11.322 	 11.322
11.387 	 11.387
11.369 	 11.369
11.092 	 11.092
10.992 	 10.992
11.004 	 11.004
11.083 	 11.083
10.336 	 10.336
10.493 	 10.493
disconnect bluetot
------------------------------------------------------------------------------------------------------------------------------------d----------i---s-----c-o--n-----------------n-e--ct--------  bbll-u--ee------o---------------t---------------------------------------
10.622 	 10.622
10.473 	 10.473
10.258 	 10.258
9.625 	 9.625
10.046 	 10.046
10.078 	 10.078
9.689 	 9.689
9.458 	 9.458
9.504 	 9.504
9.441 	 9.441
disconnect blue toot
------------------------------------------------------------------------------------------------------------------------------------d----------i---s-----c-o--n-----------------n-e--ct--------  -bllu---ee- -t-o-----o----------t---------------------------------------
9.294 	 9.294
9.691 	 9.691
9.170 	 9.170
8.955 	 8.955
9.242 	 9.242
8.937 	 8.937
9.201 	 9.201
8.928 	 8.928
9.357 	 9.357
9.008 	 9.008
disconnect blueot
------------------------------------------------------------------------------------------------------------------------------------d----------i---s-----c-o--n-----------------n-e--ctt-------  -blluu--ee-----o-----o----------t---------------------------------------
9.322 	 9.322
9.060 	 9.060
8.899 	 8.899
8.551 	 8.551
8.880 	 8.880
8.779 	 8.779
8.402 	 8.402
8.463 	 8.463
8.320 	 8.320
8.357 	 8.357
disconnect blue toot
------------------------------------------------------------------------------------------------------------------------------------d----------i---s-----c-o--n-----------------n-e--ct--------  blllu---ee---t-o----------------t---------------------------------------
8.539 	 8.539
8.855 	 8.855
8.325 	 8.325
8.226 	 8.226
8.651 	 8.651
7.968 	 7.968
8.054 	 8.054
8.318 	 8.318
8.627 	 8.627
9.566 	 9.566
disconnect bluetoot
------------------------------------------------------------------------------------------------------------------------------------d----------i---s-----c-o--n-----------------n-e--ct--------  -bllu---ee---t-o-----o----------t---------------------------------------
8.796 	 8.796
8.362 	 8.362
8.642 	 8.642
8.174 	 8.174
8.739 	 8.739
8.890 	 8.890
8.446 	 8.446
10.443 	 10.443
7.859 	 7.859
7.963 	 7.963
disconnect blueot
------------------------------------------------------------------------------------------------------------------------------------d----------i---s-----c-o--n-----------------n-e--ct--------  blllu---ee-----o----------------t---------------------------------------
8.077 	 8.077
7.801 	 7.801
8.071 	 8.071
7.990 	 7.990
8.036 	 8.036
8.571 	 8.571
8.257 	 8.257
8.478 	 8.478
8.046 	 8.046
8.517 	 8.517
disconnect bluetot
------------------------------------------------------------------------------------------------------------------------------------d----------i---s-----c-o--n-----------------n-e--ctt-------  -bllu---ee---t-o----------------t---------------------------------------
7.535 	 7.535
8.172 	 8.172
7.712 	 7.712
7.932 	 7.932
7.747 	 7.747
7.985 	 7.985
7.986 	 7.986
8.626 	 8.626
7.769 	 7.769
7.921 	 7.921
disconnect blue toot
------------------------------------------------------------------------------------------------------------------------------------d----------i---s-----c-o--n-----------------n-e--ctt-------  blllu---ee- -t-o-----o----------t---------------------------------------
7.517 	 7.517
7.730 	 7.730
7.791 	 7.791
8.571 	 8.571
8.013 	 8.013
7.691 	 7.691
7.755 	 7.755
8.726 	 8.726
7.857 	 7.857
7.510 	 7.510
disconnect bluetot
------------------------------------------------------------------------------------------------------------------------------------d----------i---s-----c-o--n-----------------n-e--ct--------  -bllu---ee---t-o-----o----------t---------------------------------------
7.331 	 7.331
7.286 	 7.286
8.528 	 8.528
7.468 	 7.468
7.454 	 7.454
7.248 	 7.248
7.552 	 7.552
7.471 	 7.471
7.357 	 7.357
7.958 	 7.958
disconnect bluetoot
------------------------------------------------------------------------------------------------------------------------------------d----------i---s-----c-o--n-----------------n-e--ct--------  -bllu---ee---t-o----o-----------t---------------------------------------
7.848 	 7.848
7.252 	 7.252
7.302 	 7.302
7.163 	 7.163
8.170 	 8.170
7.458 	 7.458
7.430 	 7.430
8.363 	 8.363
7.333 	 7.333
7.744 	 7.744
disconnect bluetot
------------------------------------------------------------------------------------------------------------------------------------d----------i---s-----c-o--n-----------------n-e--ctt-------  -blluu--ee---t-o----------------t---------------------------------------
7.152 	 7.152
7.045 	 7.045
7.285 	 7.285
8.211 	 8.211
7.203 	 7.203
7.055 	 7.055
7.077 	 7.077
7.733 	 7.733
8.567 	 8.567
7.566 	 7.566
isconnect bluetoot
-----------------------------------------------------------------------------------------------------------------------------------------------i---s-----c-o--n-----------------n-e--ct-------- -blllu---ee---t-o-----o----------t---------------------------------------
7.288 	 7.288
8.178 	 8.178
6.902 	 6.902
7.250 	 7.250
7.345 	 7.345
7.041 	 7.041
7.215 	 7.215
7.374 	 7.374
7.678 	 7.678
7.042 	 7.042
disconnect bluetoot
------------------------------------------------------------------------------------------------------------------------------------d----------i---s-----c-o--n-----------------n-e--ct--------  -bllu---ee---t-o-----o----------t---------------------------------------
6.834 	 6.834
7.273 	 7.273
6.986 	 6.986
7.407 	 7.407
7.312 	 7.312
6.994 	 6.994
6.705 	 6.705
8.053 	 8.053
7.097 	 7.097
6.783 	 6.783
disconnect bluetoot
------------------------------------------------------------------------------------------------------------------------------------d----------i---s-----c-o--n-----------------n-e--ct--------  -bllu---ee---t-o-----o----------t---------------------------------------
7.359 	 7.359
7.608 	 7.608
7.361 	 7.361
7.197 	 7.197
7.037 	 7.037
7.432 	 7.432
8.181 	 8.181
7.096 	 7.096
6.659 	 6.659
7.046 	 7.046
disconnect bluetoot
------------------------------------------------------------------------------------------------------------------------------------d----------i---s-----c-o--n-----------------n-e--ct--------  -bllu---ee---t-o----o-----------t---------------------------------------
7.158 	 7.158
7.431 	 7.431
7.113 	 7.113
7.390 	 7.390
6.912 	 6.912
7.085 	 7.085
6.671 	 6.671
6.978 	 6.978
7.209 	 7.209
6.991 	 6.991
disconnect bluetoot
------------------------------------------------------------------------------------------------------------------------------------d----------i---s-----c--o-n-----------------n-e--ct-------- -blllu---ee---t-o-----o----------t---------------------------------------
7.028 	 7.028
7.276 	 7.276
7.112 	 7.112
7.031 	 7.031
6.860 	 6.860
6.909 	 6.909
6.765 	 6.765
6.748 	 6.748
7.047 	 7.047
6.954 	 6.954
disconnect bluetoot
------------------------------------------------------------------------------------------------------------------------------------d----------i---s-----c-o--n-----------------n-e--ctt-------  -blluu--ee--tto-----o-----------t---------------------------------------
6.979 	 6.979
6.780 	 6.780
6.819 	 6.819
6.913 	 6.913
6.685 	 6.685
8.002 	 8.002
6.861 	 6.861
7.071 	 7.071
7.250 	 7.250
7.794 	 7.794
disconnect bluetoot
------------------------------------------------------------------------------------------------------------------------------------d----------i---s-----c-o--n-----------------n-e--ctt-------  -bllu---ee--t-o-----o-----------t---------------------------------------
7.116 	 7.116
6.624 	 6.624
6.641 	 6.641
6.650 	 6.650
6.941 	 6.941
6.835 	 6.835
7.238 	 7.238
6.987 	 6.987
6.897 	 6.897
7.373 	 7.373
disconnect bluetoot
------------------------------------------------------------------------------------------------------------------------------------d----------i---s-----c-o--n-----------------n-e--ct--------  bbllu---ee---t-o-----o----------t---------------------------------------
7.454 	 7.454
6.812 	 6.812
6.587 	 6.587
6.925 	 6.925
7.187 	 7.187
6.450 	 6.450
6.788 	 6.788
6.703 	 6.703
6.792 	 6.792
6.738 	 6.738
disconnect blue toot
------------------------------------------------------------------------------------------------------------------------------------d----------i---s-----c-o--n-----------------n-e--ct--------  -bllu---ee- -t-o-----o----------t---------------------------------------
7.197 	 7.197
6.813 	 6.813
7.525 	 7.525
6.655 	 6.655
6.684 	 6.684
6.521 	 6.521
6.390 	 6.390
6.646 	 6.646
6.792 	 6.792
7.001 	 7.001
disconnect bluetoot
------------------------------------------------------------------------------------------------------------------------------------d----------i---s-----c-o--n-----------------n-e--ct--------  -bll-u--ee---t-o-----o----------t---------------------------------------
7.205 	 7.205
6.625 	 6.625
6.968 	 6.968
6.667 	 6.667
6.827 	 6.827
6.846 	 6.846
7.222 	 7.222
6.573 	 6.573
6.466 	 6.466
6.539 	 6.539
disconnect bluetoot
------------------------------------------------------------------------------------------------------------------------------------d----------i---s-----c-o--n-----------------n-e--ct--------  -bllu---ee---t-o----o-----------t---------------------------------------
6.547 	 6.547
6.968 	 6.968
7.901 	 7.901
7.888 	 7.888
6.661 	 6.661
7.025 	 7.025
6.863 	 6.863
6.587 	 6.587
7.837 	 7.837
6.454 	 6.454
disconnect bluetoot
------------------------------------------------------------------------------------------------------------------------------------d----------i---s-----c-o--n-----------------n-e--ct--------  -bll-u--ee--ttoo-----o----------t---------------------------------------
7.056 	 7.056
7.483 	 7.483
6.766 	 6.766
6.857 	 6.857
7.320 	 7.320
7.049 	 7.049
6.666 	 6.666
6.579 	 6.579
6.880 	 6.880
6.430 	 6.430
disconnect bluetoot
------------------------------------------------------------------------------------------------------------------------------------d----------i---s-----c-o--n-----------------n-e--ct--------  -bllu---ee--ttoo----o-----------t---------------------------------------
6.980 	 6.980
6.625 	 6.625
6.515 	 6.515
6.751 	 6.751
6.410 	 6.410
7.687 	 7.687
6.455 	 6.455
6.608 	 6.608
6.516 	 6.516
6.421 	 6.421
disconnect bluetoot
------------------------------------------------------------------------------------------------------------------------------------d----------i---s-----c-o--n-----------------n-e--ct--------  -bllu---ee-----o----o-----------t---------------------------------------
6.895 	 6.895
6.806 	 6.806
7.418 	 7.418
6.611 	 6.611
7.017 	 7.017
6.994 	 6.994
7.742 	 7.742
7.572 	 7.572
6.895 	 6.895
6.459 	 6.459
disconnect bluetoot
------------------------------------------------------------------------------------------------------------------------------------d----------i---s-----c-o--n-----------------n-e--ct--------  -bllu---ee---t-o-----o----------t---------------------------------------
6.486 	 6.486
6.671 	 6.671
6.891 	 6.891
6.352 	 6.352
6.707 	 6.707
6.394 	 6.394
7.514 	 7.514
6.384 	 6.384
7.272 	 7.272
7.187 	 7.187
disconnect bluetoot
------------------------------------------------------------------------------------------------------------------------------------d----------i---s-----c-o--n-----------------n-e--ctt-------  -bllu---ee---t-o-----o----------t---------------------------------------
6.382 	 6.382
7.220 	 7.220
6.852 	 6.852
6.561 	 6.561
7.011 	 7.011
7.247 	 7.247
6.708 	 6.708
6.281 	 6.281
6.477 	 6.477
6.761 	 6.761
disconnect bluetoot
------------------------------------------------------------------------------------------------------------------------------------d----------i---s-----c-o--n-----------------n-e--ctt-------  -bllu---ee---t-o-----o----------t---------------------------------------
6.417 	 6.417
6.183 	 6.183
6.290 	 6.290
6.738 	 6.738
6.978 	 6.978
6.440 	 6.440
6.361 	 6.361
7.002 	 7.002
6.536 	 6.536
6.632 	 6.632
disconnect blueot
------------------------------------------------------------------------------------------------------------------------------------d----------i---s-----c-o--n-----------------n-e--ct--------  -bllu---ee----------o-----------t---------------------------------------
6.095 	 6.095
6.383 	 6.383
6.369 	 6.369
6.335 	 6.335
6.439 	 6.439
7.329 	 7.329
6.556 	 6.556
6.505 	 6.505
6.507 	 6.507
6.313 	 6.313
disconnect bluetoot
------------------------------------------------------------------------------------------------------------------------------------d----------i---s-----c-o--n-----------------n-e--ct--------  -blluu--ee--t--o----o-----------t---------------------------------------
6.495 	 6.495
6.526 	 6.526
7.278 	 7.278
8.647 	 8.647
6.481 	 6.481
6.307 	 6.307
6.899 	 6.899
6.933 	 6.933
6.188 	 6.188
7.323 	 7.323
disconnect bluetoot
------------------------------------------------------------------------------------------------------------------------------------d----------i---s-----c-o--n-----------------n-e--ctt-------  -bll-u--ee---t-o-----o----------t---------------------------------------
6.337 	 6.337
6.366 	 6.366
6.673 	 6.673
6.467 	 6.467
6.592 	 6.592
6.302 	 6.302
6.591 	 6.591
6.447 	 6.447
6.691 	 6.691
6.344 	 6.344
disconnect bluetoot
------------------------------------------------------------------------------------------------------------------------------------d----------i---s-----c-o--n-----------------n-e--ct--------  -bllu---ee--tt-o-----o----------t---------------------------------------
6.550 	 6.550
6.540 	 6.540
7.230 	 7.230
6.905 	 6.905
7.559 	 7.559
6.983 	 6.983
6.764 	 6.764
6.219 	 6.219
6.744 	 6.744
6.899 	 6.899
disconnect bluetoot
------------------------------------------------------------------------------------------------------------------------------------d----------i---s-----c-o--n-----------------n-e--ct--------  -blluu--ee---t-o----o-----------t---------------------------------------
6.172 	 6.172
6.442 	 6.442
6.435 	 6.435
7.315 	 7.315
6.340 	 6.340
6.636 	 6.636
7.173 	 7.173
6.360 	 6.360
6.633 	 6.633
6.804 	 6.804
disconnect bluetoot
------------------------------------------------------------------------------------------------------------------------------------d----------i---s-----c-o--n-----------------n-e--ct--------  -bllu---ee-----o----o----------t----------------------------------------
6.741 	 6.741
6.664 	 6.664
6.172 	 6.172
6.607 	 6.607
6.622 	 6.622
6.734 	 6.734
6.495 	 6.495
7.502 	 7.502
6.207 	 6.207
6.487 	 6.487
disconnect bluetoot
------------------------------------------------------------------------------------------------------------------------------------d----------i---s-----c-o--n-----------------n-e--ct--------  -bllu---ee---t-o-----o----------t---------------------------------------
7.152 	 7.152
6.906 	 6.906
6.507 	 6.507
6.258 	 6.258
6.405 	 6.405
6.245 	 6.245
6.221 	 6.221
6.095 	 6.095
6.491 	 6.491
6.366 	 6.366
disconnect bluetoot
------------------------------------------------------------------------------------------------------------------------------------d----------i---s-----c-o--n-----------------n-e--ct--------  -bll-u--ee---t-o-----o----------t---------------------------------------
5.988 	 5.988
7.137 	 7.137
7.615 	 7.615
7.104 	 7.104
6.499 	 6.499
7.081 	 7.081
6.163 	 6.163
6.332 	 6.332
7.200 	 7.200
6.573 	 6.573
disconnect bluetoot
------------------------------------------------------------------------------------------------------------------------------------d----------i---s-----c-o--n-----------------n-e--ct--------  -bllu---ee--t-o-----o-----------t---------------------------------------
7.399 	 7.399
6.748 	 6.748
6.496 	 6.496
6.602 	 6.602
6.776 	 6.776
6.158 	 6.158
6.226 	 6.226
6.933 	 6.933
6.390 	 6.390
7.160 	 7.160
disconnect blueoot
------------------------------------------------------------------------------------------------------------------------------------d----------i---s-----c--o-n-----------------n-e--ctt-------  -bllu---ee-----o-----o----------t---------------------------------------
6.416 	 6.416
6.668 	 6.668
6.425 	 6.425
6.741 	 6.741
6.134 	 6.134
6.346 	 6.346
6.660 	 6.660
6.308 	 6.308
6.085 	 6.085
6.442 	 6.442
disconnect bluetoot
------------------------------------------------------------------------------------------------------------------------------------d----------i---s-----c-o--n-----------------n-e--ctt-------  -bll-u--ee---t-o-----o----------t---------------------------------------
6.229 	 6.229
6.762 	 6.762
6.375 	 6.375
6.427 	 6.427
6.517 	 6.517
6.582 	 6.582
6.633 	 6.633
6.703 	 6.703
6.083 	 6.083
6.308 	 6.308
disconnect bluetoot
------------------------------------------------------------------------------------------------------------------------------------d----------i---s-----c-o--n-----------------n-e--ct--------  -bllu---ee---t-o----o-----------t---------------------------------------
6.247 	 6.247
6.325 	 6.325
6.438 	 6.438
6.976 	 6.976
6.099 	 6.099
6.292 	 6.292
6.154 	 6.154
6.241 	 6.241
6.226 	 6.226
6.181 	 6.181
disconnect bluetoot
------------------------------------------------------------------------------------------------------------------------------------d----------i---s-----c-o--n-----------------n-e--ct--------  -bllu---ee--ttoo----o-----------t---------------------------------------
7.149 	 7.149
6.286 	 6.286
6.153 	 6.153
7.417 	 7.417
6.874 	 6.874
7.168 	 7.168
6.388 	 6.388
6.556 	 6.556
6.886 	 6.886
6.120 	 6.120
disconnect bluetoot
------------------------------------------------------------------------------------------------------------------------------------d----------i---s-----c-o--n-----------------n-e--ct--------  -bll-u--ee---t-o----o-----------t---------------------------------------
6.077 	 6.077
6.483 	 6.483
6.524 	 6.524
6.145 	 6.145
6.695 	 6.695
7.528 	 7.528
6.516 	 6.516
6.082 	 6.082
6.355 	 6.355
6.967 	 6.967
disconnect blue toot
------------------------------------------------------------------------------------------------------------------------------------d----------i---s-----c-o--n-----------------n-e--ct--------  -blluu--ee- t-o-----o-----------t---------------------------------------
6.646 	 6.646
6.230 	 6.230
6.353 	 6.353
6.690 	 6.690
6.369 	 6.369
6.492 	 6.492
6.276 	 6.276
6.508 	 6.508
6.526 	 6.526
6.759 	 6.759
disconnect bluetoot
------------------------------------------------------------------------------------------------------------------------------------d----------i---s-----c-o--n-----------------n-e--ct--------  -blluu--ee---t-o-----o----------t---------------------------------------
6.657 	 6.657
6.738 	 6.738
6.478 	 6.478
6.279 	 6.279
6.402 	 6.402
7.300 	 7.300
6.406 	 6.406
6.782 	 6.782
6.448 	 6.448
6.388 	 6.388
disconnect bluetoot
------------------------------------------------------------------------------------------------------------------------------------d----------i---s-----c-o--n-----------------n-e--ct--------  -bll-u--ee---t-o-----o----------t---------------------------------------
6.213 	 6.213
6.789 	 6.789
6.677 	 6.677
6.549 	 6.549
6.970 	 6.970
6.084 	 6.084
7.017 	 7.017
6.794 	 6.794
6.227 	 6.227
6.285 	 6.285
disconnect bluetooth
------------------------------------------------------------------------------------------------------------------------------------d----------i---s-----c-o--n-----------------n-e--ctt-------  -bll-u--ee---t-o-----o----------th--------------------------------------
6.375 	 6.375
Worked i=0 ctcloss=6.375401 bound=7.555791
83.992 	 83.992
86.742 	 86.742
84.854 	 84.854
87.363 	 87.363
88.034 	 88.034
77.740 	 77.740
83.616 	 83.616
76.156 	 76.156
80.150 	 80.150
i
-----------------------------------------------------------------------------------------------------------------------------------------------i-------------------------------------------------------------------------------------------------------------------------
80.178 	 80.178
71.406 	 71.406
76.010 	 76.010
72.102 	 72.102
73.740 	 73.740
69.594 	 69.594
71.000 	 71.000
65.304 	 65.304
58.860 	 58.860
59.649 	 59.649
is
-----------------------------------------------------------------------------------------------------------------------------------------------i-------------------------------------------------------------------------------------------------------------------------
61.397 	 61.397
64.324 	 64.324
59.037 	 59.037
59.162 	 59.162
57.853 	 57.853
54.810 	 54.810
55.493 	 55.493
53.880 	 53.880
53.684 	 53.684
55.992 	 55.992/u/zw9ga/.conda/envs/ml/lib/python3.6/site-packages/tensorflow/python/framework/dtypes.py:517: FutureWarning: Passing (type, 1) or '1type' as a synonym of type is deprecated; in a future version of numpy, it will be understood as (type, (1,)) / '(1,)type'.
  _np_qint8 = np.dtype([("qint8", np.int8, 1)])
/u/zw9ga/.conda/envs/ml/lib/python3.6/site-packages/tensorflow/python/framework/dtypes.py:518: FutureWarning: Passing (type, 1) or '1type' as a synonym of type is deprecated; in a future version of numpy, it will be understood as (type, (1,)) / '(1,)type'.
  _np_quint8 = np.dtype([("quint8", np.uint8, 1)])
/u/zw9ga/.conda/envs/ml/lib/python3.6/site-packages/tensorflow/python/framework/dtypes.py:519: FutureWarning: Passing (type, 1) or '1type' as a synonym of type is deprecated; in a future version of numpy, it will be understood as (type, (1,)) / '(1,)type'.
  _np_qint16 = np.dtype([("qint16", np.int16, 1)])
/u/zw9ga/.conda/envs/ml/lib/python3.6/site-packages/tensorflow/python/framework/dtypes.py:520: FutureWarning: Passing (type, 1) or '1type' as a synonym of type is deprecated; in a future version of numpy, it will be understood as (type, (1,)) / '(1,)type'.
  _np_quint16 = np.dtype([("quint16", np.uint16, 1)])
/u/zw9ga/.conda/envs/ml/lib/python3.6/site-packages/tensorflow/python/framework/dtypes.py:521: FutureWarning: Passing (type, 1) or '1type' as a synonym of type is deprecated; in a future version of numpy, it will be understood as (type, (1,)) / '(1,)type'.
  _np_qint32 = np.dtype([("qint32", np.int32, 1)])
/u/zw9ga/.conda/envs/ml/lib/python3.6/site-packages/tensorflow/python/framework/dtypes.py:526: FutureWarning: Passing (type, 1) or '1type' as a synonym of type is deprecated; in a future version of numpy, it will be understood as (type, (1,)) / '(1,)type'.
  np_resource = np.dtype([("resource", np.ubyte, 1)])

is e
-----------------------------------------------------------------------------------------------------------------------------------------------i-------------------------------------x-----------------------------------------------------------------------------------
50.990 	 50.990
51.932 	 51.932
50.017 	 50.017
52.632 	 52.632
51.117 	 51.117
50.697 	 50.697
52.202 	 52.202
49.750 	 49.750
51.822 	 51.822
51.069 	 51.069
i nee
-----------------------------------------------------------------------------------------------------------------------------------------------i---------------------------------n-e-x----------------e------------------------------------------------------------------
50.423 	 50.423
50.267 	 50.267
51.322 	 51.322
50.103 	 50.103
52.372 	 52.372
47.608 	 47.608
51.083 	 51.083
50.568 	 50.568
49.874 	 49.874
49.849 	 49.849
is ne
-----------------------------------------------------------------------------------------------------------------------------------------------i---------------------------------n-e-x-----------------------------------------------------------------------------------
48.971 	 48.971
50.989 	 50.989
47.280 	 47.280
48.470 	 48.470
49.300 	 49.300
47.670 	 47.670
47.508 	 47.508
48.753 	 48.753
49.992 	 49.992
47.176 	 47.176
isnexte
-----------------------------------------------------------------------------------------------------------------------------------------------i---------------------------------n-e-x-----------------------------------------------------------------------------------
49.763 	 49.763
48.156 	 48.156
48.890 	 48.890
48.717 	 48.717
47.743 	 47.743
48.906 	 48.906
49.714 	 49.714
47.994 	 47.994
49.235 	 49.235
49.382 	 49.382
iset
-----------------------------------------------------------------------------------------------------------------------------------------------i-------------------------------------x-----------------------------------------------------------------------------------
45.717 	 45.717
47.506 	 47.506
50.375 	 50.375
47.986 	 47.986
47.021 	 47.021
45.952 	 45.952
47.721 	 47.721
50.347 	 50.347
47.992 	 47.992
48.685 	 48.685
inexe
-----------------------------------------------------------------------------------------------------------------------------------------------i---------------------------------n-e-x----------------e------------------------------------------------------------------
49.943 	 49.943
46.175 	 46.175
47.453 	 47.453
47.373 	 47.373
48.296 	 48.296
47.778 	 47.778
48.483 	 48.483
49.367 	 49.367
48.626 	 48.626
47.961 	 47.961
is e
-----------------------------------------------------------------------------------------------------------------------------------------------i-------------------------------------x-----------------------------------------------------------------------------------
46.477 	 46.477
47.438 	 47.438
46.351 	 46.351
47.679 	 47.679
47.816 	 47.816
48.164 	 48.164
47.638 	 47.638
47.641 	 47.641
47.062 	 47.062
47.998 	 47.998
Final distortion 9.444763
