source dB 82.26950645446777
 a be
---------------------------------------------------------------------------------------------------------------------------------------------------------------------------------------------------------------------------------------------------------------------------------------------------a------------------------------------- -b-e-------------
76.319 	 76.319
74.356 	 74.356
140.081 	 140.081
72.926 	 72.926
63.345 	 63.345
63.561 	 63.561
59.328 	 59.328
73.907 	 73.907
56.937 	 56.937
54.788 	 54.788
    t
--------------------------------------------------------------------------------------------------------------------------------------------------------------------------------------------------------------------------------------------------------------------------------------------------y--------------------------------------------------------
51.157 	 51.157
45.091 	 45.091
41.834 	 41.834
37.571 	 37.571
32.098 	 32.098
30.611 	 30.611
29.897 	 29.897
31.747 	 31.747
26.339 	 26.339
35.623 	 35.623
dscoc th
------------------------------------------d------------------------------------------------------------------------------------------------------------------------------------c-o-----------------------------------------------------------------c--------------------------------------------------------------------------------th---------------------
27.717 	 27.717
30.874 	 30.874
26.848 	 26.848
25.411 	 25.411
21.798 	 21.798
19.915 	 19.915
17.161 	 17.161
17.926 	 17.926
15.043 	 15.043
14.800 	 14.800
diconnct bletooth
------------------------------------------d-------------------------------------------------------------------------------------------------------------i----------------------c-o--------------------------------------------n--------------------c-------t----------------------------------- -b-----------e---t-o--------o-------th---------------------
14.081 	 14.081
11.935 	 11.935
12.311 	 12.311
11.953 	 11.953
10.634 	 10.634
9.100 	 9.100
8.719 	 8.719
8.329 	 8.329
7.768 	 7.768
7.217 	 7.217
disconct bluetooth
-----------------------------------------dd-------------------------------------------------------------------------------------------------------------i------------------ss--c-o-n---------------------------------------------------------------c-------t----------------------------------- -b--l-------ue---t-o--------o-------thh--------------------
6.690 	 6.690
6.398 	 6.398
6.216 	 6.216
5.515 	 5.515
5.499 	 5.499
5.734 	 5.734
4.756 	 4.756
4.263 	 4.263
4.118 	 4.118
4.395 	 4.395
disconnect bluetooth
-----------------------------------------dd-------------------------------------------------------------------------------------------------------------i------------------ss--c-o-n-n----------------------------------------------------------e--c-------t---------------------------------- --b--l-------uee--t-o--------o-------thh--------------------
3.878 	 3.878
Worked i=0 ctcloss=3.878097 bound=1600.000024
4.134 	 4.134
4.263 	 4.263
4.804 	 4.804
3.679 	 3.679
3.272 	 3.272
3.426 	 3.426
3.093 	 3.093
2.823 	 2.823
2.544 	 2.544
disconnect bluetooth
-----------------------------------------dd-------------------------------------------------------------------------------------------------------------i------------------ss-c-o--n-n----------------------------------------------------------e--c-------t----------------------------------- -b--l-------uee--t-o---------o------thh--------------------
3.548 	 3.548
Worked i=0 ctcloss=3.548190 bound=1280.000091
3.198 	 3.198
2.577 	 2.577
3.296 	 3.296
2.613 	 2.613
2.387 	 2.387
2.116 	 2.116
2.213 	 2.213
1.952 	 1.952
2.118 	 2.118
disconnect bluetooth
------------------------------------------d-------------------------------------------------------------------------------------------------------------i------------------ss-c-o--n-nn---------------------------------------------------------e--c-------t----------------------------------- -b--l-------uee--t-o--------o-------thh--------------------
2.179 	 2.179
Worked i=0 ctcloss=2.179466 bound=1024.000049
2.026 	 2.026
1.874 	 1.874
2.388 	 2.388
1.755 	 1.755
1.980 	 1.980
1.676 	 1.676
2.147 	 2.147
1.740 	 1.740
1.569 	 1.569
disconnect bluetooth
-----------------------------------------dd-------------------------------------------------------------------------------------------------------------i------------------ss-c-o--n-n----------------------------------------------------------e--c-------t----------------------------------  -b--l-------uee--t-o---------o------thh--------------------
1.789 	 1.789
Worked i=0 ctcloss=1.789499 bound=819.200039
1.893 	 1.893
1.690 	 1.690
1.621 	 1.621
1.501 	 1.501
1.435 	 1.435
1.341 	 1.341
1.411 	 1.411
1.325 	 1.325
1.147 	 1.147
disconnect bluetooth
-----------------------------------------dd-------------------------------------------------------------------------------------------------------------i------------------ss-c-o--n-nn---------------------------------------------------------e--c-------t----------------------------------  -b--l-------uee--t-o--------oo------thh--------------------
1.367 	 1.367
Worked i=0 ctcloss=1.366712 bound=655.360043
1.505 	 1.505
1.976 	 1.976
1.512 	 1.512
1.391 	 1.391
1.294 	 1.294
1.217 	 1.217
1.008 	 1.008
1.035 	 1.035
1.343 	 1.343
disconnect bluetooth
-----------------------------------------dd-------------------------------------------------------------------------------------------------------------i------------------ss-c-o--n-nn---------------------------------------------------------e--c-------t----------------------------------  -b--l-------uee--t-o--------o-------thh--------------------
1.052 	 1.052
Worked i=0 ctcloss=1.052489 bound=524.288058
1.588 	 1.588
1.286 	 1.286
1.126 	 1.126
1.024 	 1.024
0.956 	 0.956
0.825 	 0.825
0.856 	 0.856
0.719 	 0.719
0.842 	 0.842
disconnect bluetooth
------------------------------------------d-------------------------------------------------------------------------------------------------------------i------------------ss-c-o--n-n----------------------------------------------------------e--c-------t----------------------------------  -b--l-------uee--too--------o-------thh--------------------
1.029 	 1.029
Worked i=0 ctcloss=1.029044 bound=419.430465
1.311 	 1.311
1.307 	 1.307
0.998 	 0.998
0.820 	 0.820
0.928 	 0.928
0.856 	 0.856
0.739 	 0.739
0.665 	 0.665
0.639 	 0.639
disconnect bluetooth
-----------------------------------------dd-------------------------------------------------------------------------------------------------------------i------------------ss-c-o--n-nn--------------------------------------------------------ee--c-------t----------------------------------  -b--l-------uee--t-o--------o-------thh--------------------
0.581 	 0.581
Worked i=0 ctcloss=0.580903 bound=335.544378
1.380 	 1.380
1.138 	 1.138
1.591 	 1.591
1.202 	 1.202
1.048 	 1.048
0.950 	 0.950
1.073 	 1.073
0.780 	 0.780
0.776 	 0.776
disconnect bluetooth
-----------------------------------------dd-------------------------------------------------------------------------------------------------------------i------------------ss-c-o--n-nn--------------------------------------------------------ee--c-------t----------------------------------  -b--l-------uee--t-o--------o-------thh--------------------
0.684 	 0.684
Worked i=0 ctcloss=0.683747 bound=268.435508
2.368 	 2.368
1.736 	 1.736
1.309 	 1.309
1.271 	 1.271
1.049 	 1.049
0.885 	 0.885
0.857 	 0.857
0.815 	 0.815
0.724 	 0.724
disconnect bluetooth
-----------------------------------------dd-------------------------------------------------------------------------------------------------------------i------------------ss-c-o--n-n---------------------------------------------------------ee--c-------t----------------------------------  -b--l-------uee--t-o--------o-------thh--------------------
0.736 	 0.736
Worked i=0 ctcloss=0.736295 bound=214.748412
2.870 	 2.870
1.879 	 1.879
1.519 	 1.519
1.179 	 1.179
1.198 	 1.198
1.069 	 1.069
0.893 	 0.893
0.807 	 0.807
0.742 	 0.742
disconnect bluetooth
-----------------------------------------dd-------------------------------------------------------------------------------------------------------------i------------------ss-c-o--n-nn--------------------------------------------------------ee--c-------t----------------------------------  -b--l-------uee--to---------o-------thh--------------------
0.645 	 0.645
Worked i=0 ctcloss=0.645477 bound=171.798736
3.085 	 3.085
2.228 	 2.228
2.025 	 2.025
1.524 	 1.524
1.408 	 1.408
1.213 	 1.213
1.125 	 1.125
0.933 	 0.933
0.860 	 0.860
disconnect bluetooth
-----------------------------------------dd-------------------------------------------------------------------------------------------------------------i------------------ss-c-o--n-nn--------------------------------------------------------ee--c-------t----------------------------------  -b--l-------uee--too--------o-------thh--------------------
0.889 	 0.889
Worked i=0 ctcloss=0.889025 bound=137.438998
4.888 	 4.888
4.319 	 4.319
3.015 	 3.015
2.539 	 2.539
1.858 	 1.858
1.481 	 1.481
1.251 	 1.251
1.188 	 1.188
1.085 	 1.085
disconnect bluetooth
-----------------------------------------dd-------------------------------------------------------------------------------------------------------------i------------------ss-c-o--n-nn--------------------------------------------------------ee--c-------t----------------------------------  -b--l-------uee--t-o--------o-------thh--------------------
1.061 	 1.061
Worked i=0 ctcloss=1.060829 bound=109.951198
8.880 	 8.880
5.617 	 5.617
4.219 	 4.219
3.740 	 3.740
2.942 	 2.942
2.425 	 2.425
2.029 	 2.029
1.775 	 1.775
1.568 	 1.568
disconnect bluetooth
-----------------------------------------dd-------------------------------------------------------------------------------------------------------------i------------------ss-c-o--n-n----------------------------------------------------------e--c-------t----------------------------------- -b--l-------uee--t-o--------o-------thh--------------------
1.408 	 1.408
Worked i=0 ctcloss=1.408480 bound=87.960958
14.637 	 14.637
10.526 	 10.526
8.076 	 8.076
7.015 	 7.015
5.131 	 5.131
4.094 	 4.094
3.427 	 3.427
2.879 	 2.879
2.499 	 2.499
disconnect bluetooth
-----------------------------------------dd-------------------------------------------------------------------------------------------------------------i------------------ss-c-o--n-n----------------------------------------------------------e--c-------t----------------------------------  -b--l-------uee--t-o--------o-------th---------------------
2.257 	 2.257
Worked i=0 ctcloss=2.256967 bound=70.368767
24.192 	 24.192
17.313 	 17.313
13.635 	 13.635
10.038 	 10.038
8.280 	 8.280
6.997 	 6.997
6.011 	 6.011
5.005 	 5.005
4.606 	 4.606
disconnect bluetooth
-----------------------------------------dd-------------------------------------------------------------------------------------------------------------i------------------ss-c-o--n-n----------------------------------------------------------e--c-------t---------------------------------- --b--l-------u-e--t-o--------o-------th---------------------
4.030 	 4.030
Worked i=0 ctcloss=4.030195 bound=56.295015
31.271 	 31.271
24.807 	 24.807
20.500 	 20.500
16.704 	 16.704
14.255 	 14.255
11.977 	 11.977
9.746 	 9.746
8.614 	 8.614
8.207 	 8.207
disconnct bluetooth
-----------------------------------------d--------------------------------------------------------------------------------------------------------------i------------------ss-c-o--n-n-------------------------------------------------------------c-------t---------------------------------- --b--l-------uee--t-o--------o-------th---------------------
7.393 	 7.393
6.902 	 6.902
6.162 	 6.162
5.836 	 5.836
5.433 	 5.433
5.032 	 5.032
4.750 	 4.750
4.277 	 4.277
3.929 	 3.929
3.861 	 3.861
disconnect bluetooth
-----------------------------------------dd-------------------------------------------------------------------------------------------------------------i------------------ss-c-o--n-n----------------------------------------------------------e--c-------t---------------------------------- --b--l-------u-e--t-o--------o-------th---------------------
3.496 	 3.496
Worked i=0 ctcloss=3.496386 bound=45.036014
32.488 	 32.488
27.767 	 27.767
24.113 	 24.113
21.699 	 21.699
20.753 	 20.753
18.559 	 18.559
16.521 	 16.521
14.548 	 14.548
13.587 	 13.587
disconnc blutooth
-----------------------------------------d--------------------------------------------------------------------------------------------------------------i------------------ss-c-o--n-n-------------------------------------------------------------c---------------------------------------------b--ll------u----t-o--------o-------th---------------------
11.887 	 11.887
11.102 	 11.102
10.138 	 10.138
9.779 	 9.779
8.812 	 8.812
8.493 	 8.493
7.939 	 7.939
6.993 	 6.993
7.645 	 7.645
7.169 	 7.169
disconnect bluetooth
-----------------------------------------d--------------------------------------------------------------------------------------------------------------i------------------ss-c-o--n-n-------------------------------------------------------------c--------t--------------------------------- --b--l-------u-e--t-o--------o-------th---------------------
6.237 	 6.237
Worked i=0 ctcloss=6.236955 bound=36.028814
56.497 	 56.497
47.489 	 47.489
42.707 	 42.707
38.694 	 38.694
34.521 	 34.521
30.715 	 30.715
28.567 	 28.567
26.700 	 26.700
24.929 	 24.929
disconn tooth
--------------------------------------------------------------------------------------------------------------------------------------------------------i-------------------s--co--n----------------------------------------------------------------c------------------------------------------------------------t-o--------o-------th---------------------
22.515 	 22.515
21.105 	 21.105
19.585 	 19.585
18.244 	 18.244
17.290 	 17.290
16.391 	 16.391
17.301 	 17.301
17.002 	 17.002
15.937 	 15.937
14.378 	 14.378
disconnctbletoth
-----------------------------------------d--------------------------------------------------------------------------------------------------------------i-------------------ss-c-o-n-n--------------------------------------------------------------c--------------------------------------------b-----------e---t-o----------------th---------------------
13.564 	 13.564
13.725 	 13.725
13.537 	 13.537
12.865 	 12.865
12.182 	 12.182
12.159 	 12.159
11.895 	 11.895
12.131 	 12.131
12.184 	 12.184
10.660 	 10.660
disconnctbetoth
-----------------------------------------d--------------------------------------------------------------------------------------------------------------i-------------------s--c-o-n-n--------------------------------------------------------------c--------------------------------------------b-----------e---t-o----------------th---------------------
11.084 	 11.084
10.250 	 10.250
9.372 	 9.372
10.470 	 10.470
11.247 	 11.247
9.585 	 9.585
8.882 	 8.882
9.545 	 9.545
9.063 	 9.063
8.376 	 8.376
disconnect bluetooth
-----------------------------------------d--------------------------------------------------------------------------------------------------------------i-------------------s--c-o-n-n--------------------------------------------------------------c-------tt--------------------------------- -b--ll------ue---t-o--------o-------th---------------------
8.498 	 8.498
Worked i=0 ctcloss=8.498342 bound=28.823052
47.550 	 47.550
40.429 	 40.429
37.887 	 37.887
35.426 	 35.426
34.033 	 34.033
34.225 	 34.225
30.784 	 30.784
28.388 	 28.388
26.524 	 26.524
sconncl todoth
----------------------------------------------------------------------------------------------------------------------------------------------------------------------------s--c-o-n-n--------------------------------------------------------------c------------------------------------------------l-----------t-o------d-o-------th---------------------
25.251 	 25.251
23.234 	 23.234
23.236 	 23.236
22.239 	 22.239
20.531 	 20.531
20.837 	 20.837
20.602 	 20.602
19.141 	 19.141
18.125 	 18.125
16.699 	 16.699
disconnctbltooth
--------------------------------------------------------------------------------------------------------------------------------------------------------i-------------------s--c-o-n-n--------------------------------------------------------------c---------t----------------------------------b---l-----------t-o--------o-------th---------------------
16.062 	 16.062
16.747 	 16.747
15.912 	 15.912
15.185 	 15.185
14.886 	 14.886
14.536 	 14.536
14.364 	 14.364
13.654 	 13.654
13.124 	 13.124
13.321 	 13.321
disconnct bletooth
-----------------------------------------d--------------------------------------------------------------------------------------------------------------i-------------------s--c-o-n-n--------------------------------------------------------------c---------t-------------------------------- -b---l------u----t-o-------o--------th---------------------
11.979 	 11.979
11.953 	 11.953
16.288 	 16.288
17.433 	 17.433
14.975 	 14.975
12.126 	 12.126
11.906 	 11.906
12.104 	 12.104
11.736 	 11.736
12.214 	 12.214
disconnct bletooth
-----------------------------------------d--------------------------------------------------------------------------------------------------------------i-------------------s--c-o-n-n--------------------------------------------------------------c---------t-------------------------------- -b---l------ue----to--------o-------th---------------------
11.156 	 11.156
10.416 	 10.416
10.838 	 10.838
11.647 	 11.647
11.250 	 11.250
10.708 	 10.708
11.067 	 11.067
10.867 	 10.867
9.965 	 9.965
10.023 	 10.023
disconnect bluetooth
-----------------------------------------d--------------------------------------------------------------------------------------------------------------i-------------------s--c-o-n-n--------------------------------------------------------------c---------t-------------------------------- -b---l------ue---tto-------o--------th---------------------
10.496 	 10.496
Worked i=0 ctcloss=10.495739 bound=23.058442
67.527 	 67.527
65.330 	 65.330
57.678 	 57.678
49.626 	 49.626
47.369 	 47.369
50.014 	 50.014
47.420 	 47.420
41.533 	 41.533
39.682 	 39.682
sconn to
-------------------------------------------------------------------------------------------------------------------------------------------------------------------------------c-o------------------------------------------------------------------c-------------------------------------------------------------t-o-------o------------------------------
37.078 	 37.078
34.305 	 34.305
32.485 	 32.485
31.282 	 31.282
29.961 	 29.961
28.576 	 28.576
28.422 	 28.422
26.879 	 26.879
25.012 	 25.012
25.026 	 25.026
dsconnct ltoth
-----------------------------------------d----------------------------------------------------------------------------------------------------------------------------------s--c-o-n-n--------------------------------------------------------------c------------------------------------------------l-------------o-------o--------th---------------------
25.196 	 25.196
24.945 	 24.945
23.587 	 23.587
23.844 	 23.844
23.661 	 23.661
22.595 	 22.595
22.562 	 22.562
22.090 	 22.090
21.611 	 21.611
21.855 	 21.855
disconnct l todoth
-----------------------------------------d--------------------------------------------------------------------------------------------------------------i-------------------s--c-o-n-n--------------------------------------------------------------c------------------------------------------- ----l-----------t-o------d-o-------th---------------------
21.512 	 21.512
20.237 	 20.237
20.155 	 20.155
20.021 	 20.021
20.306 	 20.306
19.808 	 19.808
19.307 	 19.307
19.394 	 19.394
19.666 	 19.666
18.983 	 18.983
disconnct biltooh
-----------------------------------------d--------------------------------------------------------------------------------------------------------------i-------------------s--c-o-n-n--------------------------------------------------------------c------------------------------------------- -b-il------------to-------o---------h---------------------
19.373 	 19.373
18.271 	 18.271
20.299 	 20.299
18.613 	 18.613
18.201 	 18.201
18.063 	 18.063
17.872 	 17.872
17.613 	 17.613
17.087 	 17.087
17.132 	 17.132
disconnct bltooth
-----------------------------------------d--------------------------------------------------------------------------------------------------------------i-------------------s--c-o-n-n--------------------------------------------------------------c------------------------------------------- -b--l------------to-------o--------th---------------------
16.749 	 16.749
16.567 	 16.567
16.728 	 16.728
16.906 	 16.906
16.319 	 16.319
15.903 	 15.903
16.148 	 16.148
15.878 	 15.878
15.790 	 15.790
15.439 	 15.439
disconnct bltooth
-----------------------------------------d--------------------------------------------------------------------------------------------------------------i-------------------s--c-o-n-n--------------------------------------------------------------c---------------------------------------------b--l------------to-------o--------th---------------------
15.939 	 15.939
15.782 	 15.782
15.641 	 15.641
15.737 	 15.737
15.319 	 15.319
15.413 	 15.413
15.623 	 15.623
15.355 	 15.355
15.096 	 15.096
15.838 	 15.838
disconnct bltooth
-----------------------------------------d--------------------------------------------------------------------------------------------------------------i-------------------s--c-o-n-n--------------------------------------------------------------c----------t----------------------------------b--l------------to-------o--------th---------------------
15.228 	 15.228
14.829 	 14.829
14.641 	 14.641
14.626 	 14.626
14.672 	 14.672
14.308 	 14.308
14.403 	 14.403
15.110 	 15.110
15.424 	 15.424
14.633 	 14.633
disconnect bltooth
-----------------------------------------d--------------------------------------------------------------------------------------------------------------i-------------------s--c-o-n-n--------------------------------------------------------------c------------------------------------------- -b--l------------to--------o-------th---------------------
14.444 	 14.444
14.373 	 14.373
14.131 	 14.131
13.985 	 13.985
14.054 	 14.054
13.492 	 13.492
13.561 	 13.561
14.422 	 14.422
14.545 	 14.545
14.527 	 14.527
disconnct ltooth
-----------------------------------------d--------------------------------------------------------------------------------------------------------------i-------------------ss-c-o-n-n--------------------------------------------------------------c------------------------------------------------l------------to--------o-------th---------------------
13.324 	 13.324
13.523 	 13.523
13.849 	 13.849
14.071 	 14.071
14.619 	 14.619
13.355 	 13.355
13.507 	 13.507
13.085 	 13.085
12.922 	 12.922
13.088 	 13.088
disconnct bletooth
-----------------------------------------d--------------------------------------------------------------------------------------------------------------i-------------------s--c-o-n-n--------------------------------------------------------------c------------------------------------------- -b--l------------to--------o-------th---------------------
13.356 	 13.356
12.906 	 12.906
12.597 	 12.597
12.946 	 12.946
12.940 	 12.940
13.860 	 13.860
12.361 	 12.361
13.057 	 13.057
12.326 	 12.326
12.706 	 12.706
disconnct bletoowth
-----------------------------------------d--------------------------------------------------------------------------------------------------------------i-------------------ss-c-o-n-n--------------------------------------------------------------c------------------------------------------- -b--l------------to-------o-----w--th---------------------
13.159 	 13.159
13.132 	 13.132
13.190 	 13.190
13.454 	 13.454
13.079 	 13.079
13.440 	 13.440
12.734 	 12.734
12.355 	 12.355
12.505 	 12.505
12.274 	 12.274
disconnect ble tooth
-----------------------------------------d--------------------------------------------------------------------------------------------------------------i-------------------ss-c-o-n-n--------------------------------------------------------------c-------t---------------------------------- -b---l------u----tto-------o--------th---------------------
12.972 	 12.972
12.663 	 12.663
12.131 	 12.131
12.391 	 12.391
12.561 	 12.561
12.325 	 12.325
12.130 	 12.130
12.725 	 12.725
13.086 	 13.086
13.372 	 13.372
disconnect bletooth
-----------------------------------------d--------------------------------------------------------------------------------------------------------------i-------------------ss-c-o-n-n--------------------------------------------------------------c-------tt--------------------------------- -b---l------------to--------o-------th---------------------
12.034 	 12.034
11.887 	 11.887
11.311 	 11.311
11.528 	 11.528
11.278 	 11.278
11.260 	 11.260
12.291 	 12.291
11.662 	 11.662
11.299 	 11.299
10.934 	 10.934
disconnect etoh
-----------------------------------------d--------------------------------------------------------------------------------------------------------------i-------------------ss-c-o-n-n--------------------------------------------------------------c-------t-----------------------------------------------------to--------o--------h---------------------
11.144 	 11.144
11.947 	 11.947
10.950 	 10.950
11.255 	 11.255
11.766 	 11.766
11.137 	 11.137
10.546 	 10.546
10.766 	 10.766
10.662 	 10.662
10.928 	 10.928
disconnect bletooth
-----------------------------------------d--------------------------------------------------------------------------------------------------------------i-------------------ss-c-o-n-n--------------------------------------------------------------c-------t---------------------------------- -b---l------ue----to-------o--------th---------------------
10.515 	 10.515
11.221 	 11.221
11.088 	 11.088
12.003 	 12.003
11.699 	 11.699
10.901 	 10.901
11.316 	 11.316
10.651 	 10.651
10.790 	 10.790
11.233 	 11.233
disconnect bletooth
-----------------------------------------d--------------------------------------------------------------------------------------------------------------i-------------------ss-c-o-n-n--------------------------------------------------------------c-------t---------------------------------- -b---l-------e----to--------o-------th---------------------
11.047 	 11.047
10.480 	 10.480
10.413 	 10.413
10.560 	 10.560
10.614 	 10.614
10.709 	 10.709
10.502 	 10.502
10.759 	 10.759
10.922 	 10.922
10.877 	 10.877
disconnect bletooth
-----------------------------------------d--------------------------------------------------------------------------------------------------------------i-------------------ss-c-o-n-n--------------------------------------------------------------c-------t---------------------------------- -b---l------ue----to-------o--------th---------------------
10.013 	 10.013
10.286 	 10.286
11.701 	 11.701
10.674 	 10.674
10.928 	 10.928
10.777 	 10.777
10.602 	 10.602
11.045 	 11.045
10.175 	 10.175
10.885 	 10.885
disconnect bletoowth
-----------------------------------------d--------------------------------------------------------------------------------------------------------------i-------------------ss-c-o-n-n--------------------------------------------------------------c-------tt--------------------------------- -b---l------ue---tto-------o--------th---------------------
10.958 	 10.958
9.991 	 9.991
10.346 	 10.346
10.148 	 10.148
10.725 	 10.725
11.580 	 11.580
11.328 	 11.328
10.555 	 10.555
10.588 	 10.588
10.860 	 10.860
disconnect bluetooth
-----------------------------------------d--------------------------------------------------------------------------------------------------------------i-------------------ss-c-o-n-n--------------------------------------------------------------c-------tt--------------------------------- -b---l------ue----to--------o-------th---------------------
10.604 	 10.604
Worked i=0 ctcloss=10.603994 bound=18.446755
67.951 	 67.951
65.718 	 65.718
58.950 	 58.950
53.458 	 53.458
49.749 	 49.749
49.155 	 49.155
49.055 	 49.055
48.641 	 48.641
47.994 	 47.994
ndsgoncot 
----------------------------------------nd----------------------------------------------------------------------------------------------------------------------------------s--g-o---n---------------------------------------------------------------c---o--t----------------------------------------------------------------------------------------------
47.088 	 47.088
45.027 	 45.027
43.941 	 43.941
43.164 	 43.164
41.457 	 41.457
39.741 	 39.741
39.336 	 39.336
38.034 	 38.034
37.109 	 37.109
36.005 	 36.005
dsconn o
----------------------------------------------------------------------------------------------------------------------------------------------------------------------------s--c-o-n-n--------------------------------------------------------------------------------------------------------------------------------------o------------------------------
34.903 	 34.903
35.052 	 35.052
33.494 	 33.494
32.508 	 32.508
32.803 	 32.803
32.784 	 32.784
32.787 	 32.787
32.011 	 32.011
31.236 	 31.236
31.190 	 31.190
dsconnt lo
-----------------------------------------d-------------------------------------------------------------------------------------------------------------------------------------c-o-n-n---------------------------------------------------------------c------t----------------------------------------l----------------------o------------------------------
30.095 	 30.095
30.057 	 30.057
29.485 	 29.485
29.333 	 29.333
29.109 	 29.109
28.883 	 28.883
27.452 	 27.452
27.616 	 27.616
27.105 	 27.105
27.625 	 27.625
disconnt il o
-----------------------------------------d--------------------------------------------------------------------------------------------------------------i-------------------s--c-o-n-n--------------------------------------------------------------------------------------------------------------il----------------------o------------------------------
26.542 	 26.542
27.397 	 27.397
25.375 	 25.375
26.142 	 26.142
26.855 	 26.855
24.896 	 24.896
25.072 	 25.072
25.286 	 25.286
25.695 	 25.695
25.659 	 25.659
disconntl toh
-----------------------------------------d--------------------------------------------------------------------------------------------------------------i----------------------c-o-n-n----------------------------------------------------------------------t----------------------------------------l-----------t-o------d-o------------------------------
25.167 	 25.167
24.764 	 24.764
24.209 	 24.209
23.822 	 23.822
24.569 	 24.569
23.449 	 23.449
24.769 	 24.769
23.808 	 23.808
23.761 	 23.761
23.919 	 23.919
disconncot l tooh
-----------------------------------------d--------------------------------------------------------------------------------------------------------------i-------------------ss-c-o-n-n---------------------------------------------------------------c--o---t----------------------------------------l-----------t-o--------o------------------------------
23.777 	 23.777
24.875 	 24.875
23.546 	 23.546
24.217 	 24.217
24.673 	 24.673
22.836 	 22.836
22.742 	 22.742
22.355 	 22.355
22.851 	 22.851
23.355 	 23.355
disconnct toth
-----------------------------------------d--------------------------------------------------------------------------------------------------------------i-------------------ss-c-o-n-n---------------------------------------------------------------c------t------------------------------------------------------o-------o--------th---------------------
24.043 	 24.043
22.995 	 22.995
21.967 	 21.967
22.447 	 22.447
22.016 	 22.016
22.863 	 22.863
23.803 	 23.803
22.718 	 22.718
23.015 	 23.015
22.396 	 22.396
disconnct l toth
-----------------------------------------d--------------------------------------------------------------------------------------------------------------i-------------------s--c-o-n-n---------------------------------------------------------------c------t----------------------------------------l-----------t-o--------o--------h---------------------
22.092 	 22.092
22.191 	 22.191
22.203 	 22.203
22.729 	 22.729
22.473 	 22.473
21.791 	 21.791
21.915 	 21.915
22.721 	 22.721
21.604 	 21.604
21.011 	 21.011
disconnct l tooth
-----------------------------------------d--------------------------------------------------------------------------------------------------------------i-------------------s--c-o-n-n---------------------------------------------------------------c------t----------------------------------- ----l-----------t-o--------o-------th---------------------
21.644 	 21.644
21.717 	 21.717
21.324 	 21.324
21.367 	 21.367
20.910 	 20.910
21.199 	 21.199
21.863 	 21.863
21.637 	 21.637
21.932 	 21.932
20.799 	 20.799
disconnct l tooth
-----------------------------------------d--------------------------------------------------------------------------------------------------------------i-------------------ss-c-o-n-n---------------------------------------------------------------c------t----------------------------------- ----l-----------t-o-------o--------th---------------------
20.949 	 20.949
20.617 	 20.617
21.508 	 21.508
22.299 	 22.299
21.640 	 21.640
21.253 	 21.253
21.634 	 21.634
21.228 	 21.228
21.120 	 21.120
20.800 	 20.800
disconnct iltooh
-----------------------------------------d--------------------------------------------------------------------------------------------------------------i-------------------s--c-o-n-n---------------------------------------------------------------c------t----------------------------------- ---il-----------t-o--------o------------------------------
21.723 	 21.723
21.130 	 21.130
21.384 	 21.384
20.302 	 20.302
20.608 	 20.608
20.594 	 20.594
20.188 	 20.188
20.261 	 20.261
20.351 	 20.351
20.314 	 20.314
disconnct l tooh
-----------------------------------------d--------------------------------------------------------------------------------------------------------------i-------------------s--c-o-n-n---------------------------------------------------------------c------t----------------------------------- ----l-----------t-o-------o---------h---------------------
20.769 	 20.769
20.199 	 20.199
20.996 	 20.996
21.250 	 21.250
20.732 	 20.732
20.583 	 20.583
21.550 	 21.550
21.227 	 21.227
21.645 	 21.645
21.025 	 21.025
disconnect l tooth
-----------------------------------------d--------------------------------------------------------------------------------------------------------------i-------------------s--c-o-n-n---------------------------------------------------------------c------t----------------------------------- ----l-----------t-o-------o--------th---------------------
20.625 	 20.625
20.153 	 20.153
20.420 	 20.420
20.380 	 20.380
20.437 	 20.437
20.535 	 20.535
20.500 	 20.500
20.278 	 20.278
21.027 	 21.027
20.928 	 20.928
disconnct biltooth
-----------------------------------------d--------------------------------------------------------------------------------------------------------------i-------------------ss-c-o-n-n---------------------------------------------------------------c------t----------------------------------- -b-il-----------t-o-------o--------th---------------------
20.401 	 20.401
20.821 	 20.821
20.667 	 20.667
22.011 	 22.011
19.555 	 19.555
21.362 	 21.362
20.794 	 20.794
20.397 	 20.397
20.820 	 20.820
20.393 	 20.393
disconnect tooth
-----------------------------------------d--------------------------------------------------------------------------------------------------------------i-------------------ss-c-o-n-n---------------------------------------------------------------c------t----------------------------------- ----l-------------o-------o--------th---------------------
20.329 	 20.329
20.185 	 20.185
20.132 	 20.132
20.750 	 20.750
20.866 	 20.866
20.311 	 20.311
19.884 	 19.884
20.591 	 20.591
20.503 	 20.503
20.276 	 20.276
disconnt iltooth
-----------------------------------------d--------------------------------------------------------------------------------------------------------------i-------------------ss-c-o-n-n----------------------------------------------------------------------t----------------------------------- ---il-----------t-o-------o--------th---------------------
19.852 	 19.852
20.276 	 20.276
19.825 	 19.825
19.685 	 19.685
19.692 	 19.692
19.837 	 19.837
20.349 	 20.349
20.107 	 20.107
20.911 	 20.911
20.142 	 20.142
disconnect ltooh
-----------------------------------------d--------------------------------------------------------------------------------------------------------------i-------------------s--c-o-n-n---------------------------------------------------------------c------t----------------------------------- ----l-----------t-o--------o------------------------------
19.714 	 19.714
19.806 	 19.806
20.111 	 20.111
21.094 	 21.094
19.822 	 19.822
20.632 	 20.632
20.041 	 20.041
20.215 	 20.215
20.220 	 20.220
20.100 	 20.100
disconnct l tooth
-----------------------------------------d--------------------------------------------------------------------------------------------------------------i-------------------ss-c-o-n-n---------------------------------------------------------------c------t----------------------------------- ----l-----------t-o-------o--------th---------------------
20.186 	 20.186
19.789 	 19.789
19.809 	 19.809
19.783 	 19.783
20.510 	 20.510
19.999 	 19.999
20.815 	 20.815
20.628 	 20.628
19.999 	 19.999
21.252 	 21.252
disconnct ltooh
-----------------------------------------d--------------------------------------------------------------------------------------------------------------i-------------------ss-c-o-n-n---------------------------------------------------------------c------t----------------------------------- ----l-----------t-o--------o------------------------------
19.785 	 19.785
20.148 	 20.148
19.593 	 19.593
19.880 	 19.880
19.654 	 19.654
19.290 	 19.290
19.701 	 19.701
19.761 	 19.761
19.745 	 19.745
19.908 	 19.908
disconnct lto
-----------------------------------------d--------------------------------------------------------------------------------------------------------------i-------------------ss-c-o-n-n---------------------------------------------------------------c------t----------------------------------- ----l------------t-o-------o------------------------------
19.317 	 19.317
19.880 	 19.880
19.125 	 19.125
19.765 	 19.765
19.213 	 19.213
19.048 	 19.048
18.852 	 18.852
20.062 	 20.062
19.440 	 19.440
19.831 	 19.831
disconnct ltoh
-----------------------------------------d--------------------------------------------------------------------------------------------------------------i-------------------ss-c-o-n-n---------------------------------------------------------------c------t----------------------------------- ----l------------to--------o--------h---------------------
19.955 	 19.955
19.810 	 19.810
19.575 	 19.575
18.902 	 18.902
18.802 	 18.802
19.853 	 19.853
19.277 	 19.277
19.376 	 19.376
18.714 	 18.714
19.238 	 19.238
disconnect toh
-----------------------------------------d--------------------------------------------------------------------------------------------------------------i-------------------ss-c-o-n-n---------------------------------------------------------------c------t----------------------------------- -----------------t-o-------o------------------------------
20.211 	 20.211
19.514 	 19.514
19.548 	 19.548
19.118 	 19.118
18.632 	 18.632
18.953 	 18.953
18.641 	 18.641
18.459 	 18.459
18.432 	 18.432
19.428 	 19.428
disconnect ltoth
-----------------------------------------d--------------------------------------------------------------------------------------------------------------i-------------------ss-c-o-n-n---------------------------------------------------------------c------t----------------------------------- ----l------------t-o------o--------th---------------------
19.182 	 19.182
19.291 	 19.291
18.779 	 18.779
19.192 	 19.192
18.621 	 18.621
19.780 	 19.780
18.841 	 18.841
19.054 	 19.054
18.970 	 18.970
19.243 	 19.243
disconnct biltooh
-----------------------------------------d--------------------------------------------------------------------------------------------------------------i-------------------ss-c-o-n-n---------------------------------------------------------------c------t----------------------------------- -b-il------------t-o------o---------h---------------------
19.675 	 19.675
18.807 	 18.807
18.598 	 18.598
19.144 	 19.144
19.268 	 19.268
19.239 	 19.239
19.470 	 19.470
18.930 	 18.930
20.061 	 20.061
20.033 	 20.033
disconnct ltoh
-----------------------------------------d--------------------------------------------------------------------------------------------------------------i-------------------ss-c-o-n-n---------------------------------------------------------------c------t----------------------------------- ----l------------t-o-------o--------h---------------------
20.198 	 20.198
19.487 	 19.487
19.358 	 19.358
20.161 	 20.161
21.052 	 21.052
20.871 	 20.871
20.721 	 20.721
19.935 	 19.935
19.888 	 19.888
20.456 	 20.456
disconnct ltooh
-----------------------------------------d--------------------------------------------------------------------------------------------------------------i-------------------ss-c-o-n-n---------------------------------------------------------------c------t----------------------------------- ----l------------t---------o--------h---------------------
19.735 	 19.735
19.559 	 19.559
19.743 	 19.743
20.071 	 20.071
19.444 	 19.444
19.981 	 19.981
19.852 	 19.852
19.682 	 19.682
18.884 	 18.884
18.904 	 18.904
disconnect ltoth
-----------------------------------------d--------------------------------------------------------------------------------------------------------------i-------------------ss-c-o-n-n---------------------------------------------------------------c------t----------------------------------- ----l------------to-------o--------th---------------------
19.013 	 19.013
19.243 	 19.243
19.328 	 19.328
18.726 	 18.726
19.116 	 19.116
19.416 	 19.416
19.717 	 19.717
20.249 	 20.249
18.820 	 18.820
19.091 	 19.091
disconnct ltoth
-----------------------------------------d--------------------------------------------------------------------------------------------------------------i-------------------ss-c-o-n-n---------------------------------------------------------------c------t----------------------------------- ----l------------t-o------o--------th---------------------
18.802 	 18.802
19.343 	 19.343
18.827 	 18.827
18.436 	 18.436
18.533 	 18.533
18.757 	 18.757
19.167 	 19.167
18.844 	 18.844
18.391 	 18.391
18.537 	 18.537
disconnct ltoh
-----------------------------------------d--------------------------------------------------------------------------------------------------------------i-------------------ss-c-o-n-n---------------------------------------------------------------c-------t---------------------------------- ----l------------t-o------o-------------------------------
19.710 	 19.710
19.527 	 19.527
18.944 	 18.944
20.551 	 20.551
20.090 	 20.090
22.109 	 22.109
18.919 	 18.919
18.802 	 18.802
19.339 	 19.339
19.158 	 19.158
disconnect ltooth
-----------------------------------------d--------------------------------------------------------------------------------------------------------------i-------------------ss-c-o-n-n---------------------------------------------------------------c------t----------------------------------- ----l-------------o-------o--------th---------------------
19.596 	 19.596
18.831 	 18.831
19.430 	 19.430
19.142 	 19.142
18.988 	 18.988
19.293 	 19.293
19.766 	 19.766
19.363 	 19.363
19.395 	 19.395
18.237 	 18.237
disconnct ltoth
-----------------------------------------d--------------------------------------------------------------------------------------------------------------i-------------------ss-c-o-n-n---------------------------------------------------------------c------t----------------------------------- ----l------------t--------o--------th---------------------
19.006 	 19.006
18.754 	 18.754
19.474 	 19.474
18.646 	 18.646
18.497 	 18.497
18.695 	 18.695
19.051 	 19.051
18.696 	 18.696
18.584 	 18.584
18.901 	 18.901
disconnct ltooh
-----------------------------------------d--------------------------------------------------------------------------------------------------------------i-------------------ss-c-o-n-n---------------------------------------------------------------c------t----------------------------------- ----l------------t-o-------o--------h---------------------
20.048 	 20.048
19.152 	 19.152
18.751 	 18.751
19.615 	 19.615
19.182 	 19.182
18.634 	 18.634
18.748 	 18.748
18.940 	 18.940
18.859 	 18.859
19.609 	 19.609
disconnect ltooth
-----------------------------------------d--------------------------------------------------------------------------------------------------------------i-------------------ss-c-o-n-n---------------------------------------------------------------c------t----------------------------------- ----l------------t-o------o--------th---------------------
18.776 	 18.776
18.883 	 18.883
19.076 	 19.076
18.510 	 18.510
19.067 	 19.067
18.644 	 18.644
19.892 	 19.892
19.587 	 19.587
19.281 	 19.281
20.528 	 20.528
disconnct ltoh
-----------------------------------------d--------------------------------------------------------------------------------------------------------------i-------------------ss-c-o-n-n---------------------------------------------------------------c------t----------------------------------- ----l------------t-o-------o------------------------------
20.016 	 20.016
19.857 	 19.857
19.860 	 19.860
18.769 	 18.769
18.583 	 18.583
18.816 	 18.816
18.774 	 18.774
19.392 	 19.392
18.628 	 18.628
18.473 	 18.473
disconnct ltooth
-----------------------------------------d--------------------------------------------------------------------------------------------------------------i-------------------ss-c-o-n-n---------------------------------------------------------------c------t----------------------------------- ----l-------------o--------o-------th---------------------
19.359 	 19.359
18.828 	 18.828
18.837 	 18.837
19.443 	 19.443
18.624 	 18.624
18.422 	 18.422
19.480 	 19.480
19.792 	 19.792
20.651 	 20.651
19.699 	 19.699
disconnct toh
-----------------------------------------d--------------------------------------------------------------------------------------------------------------i-------------------ss-c-o-n-n---------------------------------------------------------------c------t-----------------------------------------------------t-o-------o------------------------------
19.827 	 19.827
19.102 	 19.102
18.359 	 18.359
19.325 	 19.325
18.920 	 18.920
18.541 	 18.541
19.923 	 19.923
19.118 	 19.118
19.468 	 19.468
18.755 	 18.755
disconnct ltooth
-----------------------------------------d--------------------------------------------------------------------------------------------------------------i-------------------ss-c-o-n-n---------------------------------------------------------------c------t----------------------------------- ----l------------t--------o--------th---------------------
18.314 	 18.314
18.432 	 18.432
18.203 	 18.203
19.348 	 19.348
18.880 	 18.880
19.133 	 19.133
18.696 	 18.696
18.767 	 18.767
19.148 	 19.148
18.650 	 18.650
disconnect ltoth
-----------------------------------------d--------------------------------------------------------------------------------------------------------------i-------------------ss-c-o-n-n---------------------------------------------------------------c------t----------------------------------- ----l------------t--------o--------th---------------------
18.642 	 18.642
18.019 	 18.019
18.628 	 18.628
18.254 	 18.254
18.381 	 18.381
18.080 	 18.080
18.662 	 18.662
20.432 	 20.432
20.818 	 20.818
20.502 	 20.502
disconncot ltoh
-----------------------------------------d--------------------------------------------------------------------------------------------------------------i-------------------ss-c-o-n-n---------------------------------------------------------------c---o--t----------------------------------- ----l------------t-o-------o------------------------------
19.660 	 19.660
19.101 	 19.101
18.652 	 18.652
18.519 	 18.519
19.360 	 19.360
19.036 	 19.036
19.148 	 19.148
19.054 	 19.054
19.266 	 19.266
18.754 	 18.754
disconnct biltodoh
-----------------------------------------d--------------------------------------------------------------------------------------------------------------i-------------------ss-c-o-n-n---------------------------------------------------------------c------t----------------------------------- -b-il------------t-o-----d-o--------h---------------------
20.140 	 20.140
19.676 	 19.676
20.400 	 20.400
20.110 	 20.110
18.846 	 18.846
18.748 	 18.748
19.163 	 19.163
18.562 	 18.562
20.235 	 20.235
19.487 	 19.487
disconnect toh
-----------------------------------------d--------------------------------------------------------------------------------------------------------------i-------------------s--c-o-n-n---------------------------------------------------------------c------t----------------------------------- -----------------t-o-------o------------------------------
18.721 	 18.721
18.433 	 18.433
18.362 	 18.362
18.179 	 18.179
19.741 	 19.741
18.969 	 18.969
19.122 	 19.122
18.733 	 18.733
19.319 	 19.319
18.386 	 18.386
disconnect ltoh
-----------------------------------------d--------------------------------------------------------------------------------------------------------------i-------------------s--c-o-n-n---------------------------------------------------------------c------t----------------------------------- ----l------------t-o-------o------------------------------/u/zw9ga/.conda/envs/ml/lib/python3.6/site-packages/tensorflow/python/framework/dtypes.py:517: FutureWarning: Passing (type, 1) or '1type' as a synonym of type is deprecated; in a future version of numpy, it will be understood as (type, (1,)) / '(1,)type'.
  _np_qint8 = np.dtype([("qint8", np.int8, 1)])
/u/zw9ga/.conda/envs/ml/lib/python3.6/site-packages/tensorflow/python/framework/dtypes.py:518: FutureWarning: Passing (type, 1) or '1type' as a synonym of type is deprecated; in a future version of numpy, it will be understood as (type, (1,)) / '(1,)type'.
  _np_quint8 = np.dtype([("quint8", np.uint8, 1)])
/u/zw9ga/.conda/envs/ml/lib/python3.6/site-packages/tensorflow/python/framework/dtypes.py:519: FutureWarning: Passing (type, 1) or '1type' as a synonym of type is deprecated; in a future version of numpy, it will be understood as (type, (1,)) / '(1,)type'.
  _np_qint16 = np.dtype([("qint16", np.int16, 1)])
/u/zw9ga/.conda/envs/ml/lib/python3.6/site-packages/tensorflow/python/framework/dtypes.py:520: FutureWarning: Passing (type, 1) or '1type' as a synonym of type is deprecated; in a future version of numpy, it will be understood as (type, (1,)) / '(1,)type'.
  _np_quint16 = np.dtype([("quint16", np.uint16, 1)])
/u/zw9ga/.conda/envs/ml/lib/python3.6/site-packages/tensorflow/python/framework/dtypes.py:521: FutureWarning: Passing (type, 1) or '1type' as a synonym of type is deprecated; in a future version of numpy, it will be understood as (type, (1,)) / '(1,)type'.
  _np_qint32 = np.dtype([("qint32", np.int32, 1)])
/u/zw9ga/.conda/envs/ml/lib/python3.6/site-packages/tensorflow/python/framework/dtypes.py:526: FutureWarning: Passing (type, 1) or '1type' as a synonym of type is deprecated; in a future version of numpy, it will be understood as (type, (1,)) / '(1,)type'.
  np_resource = np.dtype([("resource", np.ubyte, 1)])

18.643 	 18.643
18.923 	 18.923
19.375 	 19.375
18.869 	 18.869
20.057 	 20.057
20.646 	 20.646
19.160 	 19.160
19.337 	 19.337
19.445 	 19.445
19.057 	 19.057
disconncot ltoth
-----------------------------------------d--------------------------------------------------------------------------------------------------------------i-------------------ss-c-o-n-n---------------------------------------------------------------c---o--t----------------------------------- ----l------------t-o------o--------th---------------------
18.955 	 18.955
18.818 	 18.818
19.553 	 19.553
19.971 	 19.971
19.200 	 19.200
18.792 	 18.792
19.453 	 19.453
19.706 	 19.706
18.772 	 18.772
19.193 	 19.193
disconnct ltooh
-----------------------------------------d--------------------------------------------------------------------------------------------------------------i-------------------ss-c-o-n-n---------------------------------------------------------------c------t----------------------------------- ----l------------t-o-------o------------------------------
18.914 	 18.914
18.287 	 18.287
19.652 	 19.652
19.831 	 19.831
18.901 	 18.901
19.092 	 19.092
19.171 	 19.171
18.625 	 18.625
19.265 	 19.265
19.108 	 19.108
disconnct ltoh
-----------------------------------------d--------------------------------------------------------------------------------------------------------------i-------------------ss-c-o-n-n---------------------------------------------------------------c------t----------------------------------- ----l------------t-o-------o--------h---------------------
18.709 	 18.709
18.405 	 18.405
18.967 	 18.967
18.094 	 18.094
18.698 	 18.698
19.332 	 19.332
18.567 	 18.567
18.482 	 18.482
19.382 	 19.382
19.424 	 19.424
disconnct ltooth
-----------------------------------------d--------------------------------------------------------------------------------------------------------------i-------------------ss-c-o-n-n---------------------------------------------------------------c------t----------------------------------- ----l------------t-o-------o-------th---------------------
19.636 	 19.636
18.954 	 18.954
18.388 	 18.388
18.380 	 18.380
18.734 	 18.734
19.033 	 19.033
18.733 	 18.733
19.048 	 19.048
19.443 	 19.443
18.361 	 18.361
disconnct ltooth
-----------------------------------------d--------------------------------------------------------------------------------------------------------------i-------------------ss-c-o-n-n---------------------------------------------------------------c------t----------------------------------- ----l-------------o-------o--------th---------------------
18.216 	 18.216
18.566 	 18.566
18.319 	 18.319
18.661 	 18.661
18.572 	 18.572
18.703 	 18.703
18.443 	 18.443
19.937 	 19.937
18.998 	 18.998
20.014 	 20.014
Final distortion 23.058594
