source dB 59.275755882263184
 an dont to the well and smol times en no dole 
--------------------------------------------------------------------------------------- ---a---n------- -d-o---n--- t-o--  the-  -w--el-----l--- --a-nd---   sss-m-o---l----- -t-i--me---s--  ----------------------------- ----o--------  --o-------------e---------- -----
159.977 	 159.977
85.498 	 85.498
102.528 	 102.528
69.895 	 69.895
71.399 	 71.399
66.028 	 66.028
64.385 	 64.385
59.994 	 59.994
53.829 	 53.829
48.215 	 48.215
and i con on panlook at
------------and --i  co-n-- -on----------------------------------------------- -p---a--n---------lo--ok--at-----------------------------------------------------------------------------------------------------------------------------------------------------------------
52.022 	 52.022
43.875 	 43.875
44.020 	 44.020
40.861 	 40.861
37.331 	 37.331
35.370 	 35.370
36.583 	 36.583
30.803 	 30.803
28.961 	 28.961
28.650 	 28.650
icone lookh
-----------------i---c-o----o--n-e----------------------------------------------- --l-------------o-ook------------------------------------------------------------------------------------------------------------------------------------------------------------------hh-
29.220 	 29.220
27.797 	 27.797
28.508 	 28.508
23.785 	 23.785
28.537 	 28.537
22.586 	 22.586
22.063 	 22.063
20.582 	 20.582
19.098 	 19.098
17.926 	 17.926
diconnec blaeooth
--------------d--ii--co-n------nee----c------------------------------------------ -bl-a--e--------o-ook-----t------------------------------------------------------------------------------------------------------------------------------------------------------------hh-
16.948 	 16.948
16.501 	 16.501
15.936 	 15.936
15.440 	 15.440
13.518 	 13.518
13.982 	 13.982
13.274 	 13.274
11.393 	 11.393
12.072 	 12.072
10.037 	 10.037
diconnect blutooth
--------------d------c-on------nee---c-------------------------------------------  bl-u-------t---o-oo------t------------------------------------------------------------------------------------------------------------------------------------------------------------hh-
10.801 	 10.801
10.687 	 10.687
9.404 	 9.404
9.202 	 9.202
8.749 	 8.749
7.640 	 7.640
10.691 	 10.691
8.327 	 8.327
8.935 	 8.935
8.579 	 8.579
diconnect bluetooth
--------------d--i---coon------nee---c----------------------------------------t-- -bl-u--e---tt---o-oo------t------------------------------------------------------------------------------------------------------------------------------------------------------------hh-
6.932 	 6.932
6.560 	 6.560
6.216 	 6.216
8.648 	 8.648
6.859 	 6.859
7.395 	 7.395
6.256 	 6.256
6.010 	 6.010
6.107 	 6.107
6.974 	 6.974
diconnect bluetooth
--------------d---i--c-on-----n-e----c----------------------------------------t-  -bl-u--e---tt---o-oo------t------------------------------------------------------------------------------------------------------------------------------------------------------------hh-
5.989 	 5.989
5.231 	 5.231
5.787 	 5.787
5.262 	 5.262
4.817 	 4.817
4.669 	 4.669
4.459 	 4.459
4.294 	 4.294
3.818 	 3.818
3.704 	 3.704
disconnect bluetooth
--------------d--iis-coon------nee---c----------------------------------------t-  -bl-u--e---tt---o-oo------t------------------------------------------------------------------------------------------------------------------------------------------------------------hh-
4.003 	 4.003
Worked i=0 ctcloss=4.002970 bound=1600.000024
6.035 	 6.035
4.445 	 4.445
4.461 	 4.461
4.346 	 4.346
4.101 	 4.101
4.283 	 4.283
3.581 	 3.581
3.477 	 3.477
3.110 	 3.110
disconnect bluetooth
---------------d-i-s-coon-----nnee---c----------------------------------------tt  -bl-u--e---tt---o-oo------t------------------------------------------------------------------------------------------------------------------------------------------------------------hh-
3.357 	 3.357
Worked i=0 ctcloss=3.356532 bound=1280.000091
3.807 	 3.807
5.011 	 5.011
3.670 	 3.670
3.236 	 3.236
2.974 	 2.974
4.241 	 4.241
3.763 	 3.763
3.344 	 3.344
3.240 	 3.240
disconnect bluetooth
--------------dd-iis-coon-----nne----c----------------------------------------tt  -bl-u--e---tt---o-oo------tt-----------------------------------------------------------------------------------------------------------------------------------------------------------hh-
3.031 	 3.031
Worked i=0 ctcloss=3.030789 bound=1024.000049
3.241 	 3.241
3.188 	 3.188
2.974 	 2.974
2.511 	 2.511
2.411 	 2.411
2.319 	 2.319
2.392 	 2.392
2.269 	 2.269
2.230 	 2.230
disconnect bluetooth
--------------d--i-s-coon------nee---c----------------------------------------tt  -bl-u--e---tt---o-oo------tt-----------------------------------------------------------------------------------------------------------------------------------------------------------hh-
2.017 	 2.017
Worked i=0 ctcloss=2.017031 bound=819.200039
3.185 	 3.185
4.547 	 4.547
3.987 	 3.987
3.059 	 3.059
2.650 	 2.650
2.474 	 2.474
2.024 	 2.024
1.922 	 1.922
1.708 	 1.708
disconnect bluetooth
--------------d--i-s-coonn-----nee---c----------------------------------------tt  -bl-u--e---tt---o-oo------tt-----------------------------------------------------------------------------------------------------------------------------------------------------------hh-
1.568 	 1.568
Worked i=0 ctcloss=1.568388 bound=655.360043
3.503 	 3.503
2.150 	 2.150
3.439 	 3.439
3.804 	 3.804
3.613 	 3.613
2.154 	 2.154
2.438 	 2.438
2.310 	 2.310
1.875 	 1.875
disconnect bluetooth
--------------d--i-s-coonn----nee----c----------------------------------------tt  -bl-u--e---tt---o--o------tt-----------------------------------------------------------------------------------------------------------------------------------------------------------hh-
2.032 	 2.032
Worked i=0 ctcloss=2.032007 bound=524.288058
3.539 	 3.539
2.847 	 2.847
2.980 	 2.980
4.813 	 4.813
2.545 	 2.545
2.316 	 2.316
2.047 	 2.047
1.909 	 1.909
1.618 	 1.618
disconnect bluetooth
--------------dd-iis-coonn----nee----c----------------------------------------tt  -bl-u--e---tt---o-oo------tt-----------------------------------------------------------------------------------------------------------------------------------------------------------hh-
1.505 	 1.505
Worked i=0 ctcloss=1.504960 bound=419.430465
5.926 	 5.926
3.577 	 3.577
3.943 	 3.943
3.368 	 3.368
3.098 	 3.098
4.775 	 4.775
2.769 	 2.769
2.914 	 2.914
2.473 	 2.473
ndisconnect bluetooth
--------------nd-iis-coonn----nee----c----------------------------------------tt  -bl-u--e---tt---o-oo------tt-----------------------------------------------------------------------------------------------------------------------------------------------------------hh-
3.304 	 3.304
2.704 	 2.704
3.306 	 3.306
2.969 	 2.969
2.014 	 2.014
1.939 	 1.939
1.874 	 1.874
1.613 	 1.613
1.487 	 1.487
1.362 	 1.362
disconnect bluetooth
--------------d--i-s-coonn----nee----c----------------------------------------tt  -bl-u--e---tt---o-oo------tt-----------------------------------------------------------------------------------------------------------------------------------------------------------hh-
1.388 	 1.388
Worked i=0 ctcloss=1.387862 bound=335.544378
3.803 	 3.803
2.663 	 2.663
2.151 	 2.151
1.974 	 1.974
1.846 	 1.846
1.568 	 1.568
1.544 	 1.544
1.364 	 1.364
2.401 	 2.401
disconnect bluetooth
--------------nd-iis-coonn----nee----c----------------------------------------tt  -bl-u--e---tt---o-oo------tt-----------------------------------------------------------------------------------------------------------------------------------------------------------hh-
2.055 	 2.055
Worked i=0 ctcloss=2.055375 bound=268.435508
4.674 	 4.674
3.552 	 3.552
2.660 	 2.660
2.364 	 2.364
2.171 	 2.171
1.873 	 1.873
1.702 	 1.702
1.559 	 1.559
1.434 	 1.434
disconnect bluetooth
--------------dd-iis-coonn----nee----c----------------------------------------tt  -bl-u--e---tt---o-oo------tt-----------------------------------------------------------------------------------------------------------------------------------------------------------hh-
1.327 	 1.327
Worked i=0 ctcloss=1.326626 bound=214.748412
9.175 	 9.175
6.416 	 6.416
4.953 	 4.953
3.912 	 3.912
3.054 	 3.054
2.480 	 2.480
2.323 	 2.323
2.244 	 2.244
1.954 	 1.954
disconnect bluetooth
--------------dd-iis-coonn----nee----c----------------------------------------tt  -bl-u--e---tt---o-oo------tt-----------------------------------------------------------------------------------------------------------------------------------------------------------hh-
1.883 	 1.883
Worked i=0 ctcloss=1.882739 bound=171.798736
19.794 	 19.794
13.387 	 13.387
11.174 	 11.174
9.085 	 9.085
7.142 	 7.142
6.042 	 6.042
6.262 	 6.262
5.130 	 5.130
4.592 	 4.592
disconnect bluetooth
--------------d--i-s-coonn----nee----c----------------------------------------tt  -blu---e---tt---o-oo------tt-----------------------------------------------------------------------------------------------------------------------------------------------------------hh-
3.917 	 3.917
Worked i=0 ctcloss=3.916858 bound=137.438998
26.078 	 26.078
20.096 	 20.096
17.150 	 17.150
14.182 	 14.182
10.696 	 10.696
8.691 	 8.691
7.316 	 7.316
6.603 	 6.603
5.916 	 5.916
disconnect bluetooth
--------------d--i-s-coonn----nee----c----------------------------------------tt  -blu---e---t----o-oo------tt-----------------------------------------------------------------------------------------------------------------------------------------------------------hh-
5.468 	 5.468
Worked i=0 ctcloss=5.468449 bound=109.951198
31.026 	 31.026
26.071 	 26.071
20.388 	 20.388
15.174 	 15.174
12.456 	 12.456
12.052 	 12.052
10.277 	 10.277
8.825 	 8.825
8.129 	 8.129
di connect bluetooth
--------------d--i---co-n-----nee----c-----------------------------------------t  -blu---e---tt---o-oo------tt-----------------------------------------------------------------------------------------------------------------------------------------------------------h--
8.897 	 8.897
7.974 	 7.974
6.853 	 6.853
6.372 	 6.372
6.718 	 6.718
6.749 	 6.749
7.158 	 7.158
6.386 	 6.386
5.172 	 5.172
5.064 	 5.064
disconnect bluetooth
--------------d--i-s-coonn----nne----c----------------------------------------tt  -blu---e---t----o-oo------tt-----------------------------------------------------------------------------------------------------------------------------------------------------------hh-
5.197 	 5.197
Worked i=0 ctcloss=5.196573 bound=87.960958
33.082 	 33.082
29.768 	 29.768
24.650 	 24.650
20.921 	 20.921
17.944 	 17.944
17.510 	 17.510
15.722 	 15.722
13.125 	 13.125
11.135 	 11.135
disconnect bluetooth
--------------d---is-c-on-----nnee---c-----------------------------------------t  -blu---e--------o-oo------tt-----------------------------------------------------------------------------------------------------------------------------------------------------------h--
10.602 	 10.602
Worked i=0 ctcloss=10.601753 bound=70.368767
50.786 	 50.786
45.582 	 45.582
41.212 	 41.212
38.134 	 38.134
36.149 	 36.149
32.537 	 32.537
30.333 	 30.333
28.364 	 28.364
25.067 	 25.067
di connt blae ooth
--------------d---i- co-n------n-----------------------------------------------t- -bla---e----t---o-o-------t------------------------------------------------------------------------------------------------------------------------------------------------------------h--
22.696 	 22.696
21.031 	 21.031
19.348 	 19.348
17.998 	 17.998
16.325 	 16.325
14.964 	 14.964
14.526 	 14.526
13.626 	 13.626
13.030 	 13.030
12.164 	 12.164
disconnect bluetooth
--------------d---is-c-on------n-e---c-----------------------------------------t- -blu---e----t---o-oo------tt-----------------------------------------------------------------------------------------------------------------------------------------------------------h--
11.552 	 11.552
Worked i=0 ctcloss=11.552108 bound=56.295015
40.016 	 40.016
37.529 	 37.529
35.079 	 35.079
33.233 	 33.233
29.672 	 29.672
28.295 	 28.295
27.569 	 27.569
25.123 	 25.123
22.802 	 22.802
di conne bleoh
--------------d--i-s co-n------n---------------------------------------------------ble--------------o--------------------------------------------------------------------------------------------------------------------------------------------------------------------h--
21.917 	 21.917
20.463 	 20.463
19.693 	 19.693
18.941 	 18.941
18.347 	 18.347
20.920 	 20.920
19.365 	 19.365
17.461 	 17.461
17.025 	 17.025
16.379 	 16.379
di conne blueooth
--------------dd--is-co-n------n---------------------------------------------------blu---e--------o-oo------t------------------------------------------------------------------------------------------------------------------------------------------------------------hh-
16.079 	 16.079
15.438 	 15.438
14.943 	 14.943
14.378 	 14.378
14.237 	 14.237
13.785 	 13.785
13.338 	 13.338
15.475 	 15.475
14.314 	 14.314
13.547 	 13.547
di connect bluetooth
--------------d---is-co-n------n-----c-----------------------------------------t- -blu---e----t---o-oo------tt----------------------------------------------------------------------------------------------------------------------------------------------------------h---
13.159 	 13.159
12.869 	 12.869
12.454 	 12.454
12.483 	 12.483
12.134 	 12.134
11.565 	 11.565
11.862 	 11.862
12.094 	 12.094
10.959 	 10.959
10.830 	 10.830
i connect bluetooth
-----------------i-s-co-n------n-e---c------------------------------------------- -blu---e----t---o-oo------tt----------------------------------------------------------------------------------------------------------------------------------------------------------h---
10.726 	 10.726
10.453 	 10.453
10.462 	 10.462
10.409 	 10.409
10.182 	 10.182
10.150 	 10.150
9.941 	 9.941
9.727 	 9.727
9.589 	 9.589
9.267 	 9.267
di connect bluetooth
-----------------i-s-co-n------n-e---c-----------------------------------------t- -blu---e----t---o-oo------tt----------------------------------------------------------------------------------------------------------------------------------------------------------h---
9.628 	 9.628
9.656 	 9.656
9.011 	 9.011
9.065 	 9.065
8.819 	 8.819
8.615 	 8.615
9.172 	 9.172
8.718 	 8.718
8.395 	 8.395
8.262 	 8.262
disconnect bluetooth
--------------d---is-conn------nee---c-----------------------------------------t- -blu---e----t---o-oo------tt----------------------------------------------------------------------------------------------------------------------------------------------------------h---
8.174 	 8.174
Worked i=0 ctcloss=8.173614 bound=45.036014
42.942 	 42.942
40.690 	 40.690
40.179 	 40.179
37.607 	 37.607
35.924 	 35.924
34.628 	 34.628
32.532 	 32.532
31.499 	 31.499
29.870 	 29.870
di on bluth
--------------d---i- -o---------------------------------------------------------- -blu--------------------------------------------------------------------------------------------------------------------------------------------------------------------------------------
28.668 	 28.668
27.646 	 27.646
26.010 	 26.010
24.593 	 24.593
23.409 	 23.409
22.646 	 22.646
21.548 	 21.548
20.383 	 20.383
19.623 	 19.623
18.886 	 18.886
disconnet bluth
---------------d--is-co-n------n------------------------------------------------- -blu--------------o-------------------------------------------------------------------------------------------------------------------------------------------------------------------hh--
18.459 	 18.459
17.367 	 17.367
17.076 	 17.076
17.214 	 17.214
16.144 	 16.144
16.158 	 16.158
16.076 	 16.076
15.663 	 15.663
15.165 	 15.165
14.745 	 14.745
di connet blueoth
--------------d---is co-n------n-----------------------------------------------t- -blu--------------o--------t----------------------------------------------------------------------------------------------------------------------------------------------------------h---
14.667 	 14.667
14.253 	 14.253
13.856 	 13.856
13.836 	 13.836
13.791 	 13.791
13.664 	 13.664
12.991 	 12.991
13.543 	 13.543
13.601 	 13.601
13.653 	 13.653
di connet bluetoth
--------------d---is co-n------n----------------------------------------------tt- -blu--------t--------------t--------------------------------------------------------------------------------------------------------------------------------------------------------h-----
12.899 	 12.899
12.701 	 12.701
12.483 	 12.483
12.534 	 12.534
12.523 	 12.523
12.523 	 12.523
12.049 	 12.049
12.088 	 12.088
11.659 	 11.659
11.482 	 11.482
disconnect bluetoth
--------------d---is-co-n------ne----c----------------------------------------t-- -blu---e----t---o-oo-------t-----------------------------------------------------------------------------------------------------------------------------------------------------hh-------
11.458 	 11.458
11.320 	 11.320
11.197 	 11.197
11.029 	 11.029
11.084 	 11.084
11.049 	 11.049
11.055 	 11.055
10.877 	 10.877
10.714 	 10.714
10.948 	 10.948
di connet bluetoth
-----------------i- c-o-n------n----------------------------------------------tt- -blu--------t---o-o-------tt-----------------------------------------------------------------------------------------------------------------------------------------------------h--------
11.358 	 11.358
10.745 	 10.745
10.323 	 10.323
10.355 	 10.355
11.043 	 11.043
11.888 	 11.888
12.540 	 12.540
12.669 	 12.669
12.313 	 12.313
11.413 	 11.413
disconnect bluetooth
--------------d--i-sc-o-n------ne----c----------------------------------------t-- -blu---e----t---o-oo------tt----------------------------------------------------------------------------------------------------------------------------------------------------h---------
10.768 	 10.768
Worked i=0 ctcloss=10.768220 bound=36.028814
48.477 	 48.477
47.458 	 47.458
46.710 	 46.710
45.372 	 45.372
43.421 	 43.421
41.945 	 41.945
38.886 	 38.886
38.655 	 38.655
38.897 	 38.897
i on blet
-----------------i-----o-n---------------------------------------------------------bl-a-------------------------------------------------------------------------------------------------------------------------------------------------------------------------------------
39.533 	 39.533
36.459 	 36.459
34.591 	 34.591
34.413 	 34.413
34.390 	 34.390
33.433 	 33.433
32.556 	 32.556
32.107 	 32.107
32.217 	 32.217
31.439 	 31.439
di on blut
------------------i----o-n---------------------------------------------------------bl-u-------------------------------------------------------------------------------------------------------------------------------------------------------------------------------------
30.592 	 30.592
30.013 	 30.013
29.918 	 29.918
29.446 	 29.446
28.797 	 28.797
28.366 	 28.366
27.821 	 27.821
27.681 	 27.681
27.362 	 27.362
26.906 	 26.906
di onn bluth
--------------d---i- -o-n------n------------------------------------------------- -bl-u----------------------t--------------------------------------------------------------------------------------------------------------------------------------------------------------
26.509 	 26.509
25.973 	 25.973
25.926 	 25.926
25.413 	 25.413
24.992 	 24.992
24.782 	 24.782
24.607 	 24.607
24.136 	 24.136
23.755 	 23.755
23.707 	 23.707
di onn blueth
------------------is-co-n------n------------------------------------------------- -bl-u-------------------------------------------------------------------------------------------------------------------------------------------------------------------------------------
23.837 	 23.837
23.831 	 23.831
22.941 	 22.941
22.753 	 22.753
23.191 	 23.191
22.795 	 22.795
22.322 	 22.322
21.869 	 21.869
21.988 	 21.988
21.731 	 21.731
di conn blueth
--------------d---is-co-n------n------------------------------------------------- -bl-u-------------------------------------------------------------------------------------------------------------------------------------------------------------------------------------
21.054 	 21.054
21.175 	 21.175
20.854 	 20.854
20.681 	 20.681
20.396 	 20.396
20.148 	 20.148
20.933 	 20.933
20.691 	 20.691
20.415 	 20.415
19.869 	 19.869
disconn blueth
-----------------i-s-co-n------n------------------------------------------------- -bl-u---e------------------t--------------------------------------------------------------------------------------------------------------------------------------------------------------
20.242 	 20.242
20.068 	 20.068
19.893 	 19.893
19.888 	 19.888
19.496 	 19.496
19.334 	 19.334
19.347 	 19.347
19.371 	 19.371
19.274 	 19.274
19.295 	 19.295
di conn blueth
--------------d--i-s-co-n------n------------------------------------------------- -bl-u-------------------------------------------------------------------------------------------------------------------------------------------------------------------------------------
19.022 	 19.022
19.054 	 19.054
18.744 	 18.744
18.531 	 18.531
19.091 	 19.091
18.915 	 18.915
18.688 	 18.688
18.570 	 18.570
18.305 	 18.305
18.206 	 18.206
disconn blueth
--------------d--iis-co-n------n------------------------------------------------- -bl-u---e---------------------------------------------------------------------------------------------------------------------------------------------------------------------------------
18.200 	 18.200
18.006 	 18.006
17.836 	 17.836
17.951 	 17.951
18.495 	 18.495
18.462 	 18.462
18.165 	 18.165
17.886 	 17.886
18.071 	 18.071
18.281 	 18.281
disconn blueth
--------------d--iis-co-n------n------------------------------------------------- -bl-u---e-----------------o-------------------------------------------------------------------------------------------------------------------------------------------------------------h-
18.511 	 18.511
18.184 	 18.184
17.506 	 17.506
17.634 	 17.634
17.625 	 17.625
17.636 	 17.636
17.340 	 17.340
17.538 	 17.538
17.442 	 17.442
17.529 	 17.529
di conn blueth
--------------d--i-s-co-n------n------------------------------------------------- -bl-u---e-----------------o-------------------------------------------------------------------------------------------------------------------------------------------------------------h-
17.314 	 17.314
17.304 	 17.304
17.136 	 17.136
17.470 	 17.470
17.054 	 17.054
17.319 	 17.319
17.309 	 17.309
16.959 	 16.959
17.398 	 17.398
17.398 	 17.398
di conn blueth
--------------d--i-s-co-n------n------------------------------------------------- -bl-u---e-----------------ot------------------------------------------------------------------------------------------------------------------------------------------------------------h-
17.096 	 17.096
17.138 	 17.138
17.100 	 17.100
16.730 	 16.730
17.136 	 17.136
17.517 	 17.517
16.863 	 16.863
16.733 	 16.733
17.301 	 17.301
17.327 	 17.327
di conn blueth
--------------d--i- -co-n------n------------------------------------------------- -bl-u---e------------------tt-----------------------------------------------------------------------------------------------------------------------------------------------------------h-
16.641 	 16.641
16.742 	 16.742
16.794 	 16.794
16.637 	 16.637
16.656 	 16.656
17.023 	 17.023
16.711 	 16.711
16.824 	 16.824
16.609 	 16.609
16.728 	 16.728
di conn blueth
--------------d--i- -co-n------n------------------------------------------------- -bl-u---ee----------------o-------------------------------------------------------------------------------------------------------------------------------------------------------------h-
16.812 	 16.812
16.808 	 16.808
16.935 	 16.935
16.576 	 16.576
17.287 	 17.287
17.306 	 17.306
16.481 	 16.481
16.557 	 16.557
16.596 	 16.596
16.727 	 16.727
di conn blueth
--------------d--i-s-co-n------n------------------------------------------------- -bl-u---e-----------------ot------------------------------------------------------------------------------------------------------------------------------------------------------------h-
16.461 	 16.461
16.539 	 16.539
16.309 	 16.309
16.259 	 16.259
16.563 	 16.563
18.251 	 18.251
18.046 	 18.046
17.995 	 17.995
16.758 	 16.758
16.774 	 16.774
di conn blueth
--------------d--i- -co-n------n------------------------------------------------- -bl-u---ee----------------ot------------------------------------------------------------------------------------------------------------------------------------------------------------h-
17.069 	 17.069
16.778 	 16.778
16.415 	 16.415
16.714 	 16.714
16.642 	 16.642
16.747 	 16.747
16.749 	 16.749
17.741 	 17.741
16.842 	 16.842
17.146 	 17.146
ndi conn blueth
-------------nd--iis-co-n------n------------------------------------------------- -bl-u---ee----------------o-------------------------------------------------------------------------------------------------------------------------------------------------------------h-
17.452 	 17.452
16.971 	 16.971
16.904 	 16.904
16.290 	 16.290
16.783 	 16.783
16.557 	 16.557
16.504 	 16.504
16.238 	 16.238
16.532 	 16.532
16.595 	 16.595
disconn blueoth
--------------d--i-s-co-n------n------------------------------------------------- -bl-u---ee----------------ot------------------------------------------------------------------------------------------------------------------------------------------------------------h-
16.154 	 16.154
16.172 	 16.172
16.282 	 16.282
16.104 	 16.104
17.113 	 17.113
17.506 	 17.506
16.874 	 16.874
16.512 	 16.512
16.417 	 16.417
16.368 	 16.368
di conn bluetoth
--------------d--i- -co-n------n------------------------------------------------- -bl-u---e-----------------ot------------------------------------------------------------------------------------------------------------------------------------------------------------h-
16.538 	 16.538
16.045 	 16.045
16.216 	 16.216
16.376 	 16.376
16.328 	 16.328
16.099 	 16.099
16.257 	 16.257
15.999 	 15.999
16.301 	 16.301
16.288 	 16.288
di conn bluetoth
--------------d--i-s-co-n------n------------------------------------------------- -bl-u---e-----------------ot------------------------------------------------------------------------------------------------------------------------------------------------------------h-
15.927 	 15.927
15.998 	 15.998
15.818 	 15.818
16.147 	 16.147
15.950 	 15.950
15.934 	 15.934
16.246 	 16.246
16.112 	 16.112
16.377 	 16.377
16.256 	 16.256
di connt bluetoth
--------------d--i-s-co-n------n------------------------------------------------- -bl-u---e-----------------ot------------------------------------------------------------------------------------------------------------------------------------------------------------h-
15.970 	 15.970
16.167 	 16.167
15.797 	 15.797
16.031 	 16.031
15.822 	 15.822
15.690 	 15.690
15.862 	 15.862
15.980 	 15.980
15.914 	 15.914
15.825 	 15.825
disconn blueoth
--------------d--i-s-co-n------n------------------------------------------------- -bl-u---ee----------------ott-----------------------------------------------------------------------------------------------------------------------------------------------------------h-
15.948 	 15.948
15.710 	 15.710
15.691 	 15.691
15.745 	 15.745
16.173 	 16.173
15.832 	 15.832
15.922 	 15.922
15.946 	 15.946
15.911 	 15.911
15.886 	 15.886
disconn blueoth
--------------d--i-s-co-n------n------------------------------------------------- -bl-u---ee----------------ott-----------------------------------------------------------------------------------------------------------------------------------------------------------h-
15.880 	 15.880
15.488 	 15.488
15.787 	 15.787
15.471 	 15.471
15.661 	 15.661
15.642 	 15.642
15.509 	 15.509
15.752 	 15.752
15.656 	 15.656
15.820 	 15.820
disconn bluetoth
--------------d--i-s-co-n------n------------------------------------------------- -bl-u---e-----------------o-------------------------------------------------------------------------------------------------------------------------------------------------------------h-
15.715 	 15.715
15.845 	 15.845
15.732 	 15.732
15.557 	 15.557
15.989 	 15.989
15.667 	 15.667
15.594 	 15.594
15.443 	 15.443
15.760 	 15.760
15.790 	 15.790
di conn bluetoth
--------------d--i-s-co-n------n------------------------------------------------- -bl-u---e-----------------ot------------------------------------------------------------------------------------------------------------------------------------------------------------h-
15.532 	 15.532
17.395 	 17.395
17.574 	 17.574
17.271 	 17.271
16.280 	 16.280
16.525 	 16.525
16.121 	 16.121
16.279 	 16.279
16.297 	 16.297
16.189 	 16.189
di conn bluetoth
--------------d--i-s-co-n------n------------------------------------------------  bll-u---e-----------------ot------------------------------------------------------------------------------------------------------------------------------------------------------------h-
16.337 	 16.337
16.309 	 16.309
16.018 	 16.018
16.068 	 16.068
16.033 	 16.033
15.965 	 15.965
16.585 	 16.585
16.164 	 16.164
16.058 	 16.058
15.957 	 15.957
di conn blueoth
--------------d--i-s-co-n------n------------------------------------------------  bll-u---ee----------------ot------------------------------------------------------------------------------------------------------------------------------------------------------------h-
15.999 	 15.999
16.151 	 16.151
15.943 	 15.943
15.622 	 15.622
16.215 	 16.215
17.691 	 17.691
17.845 	 17.845
17.711 	 17.711
16.114 	 16.114
15.843 	 15.843
di conn blueoth
--------------d--i-s-co-n------n------------------------------------------------  bll-u---ee----------------ot-----------------------------------------------------------------------------------------------------------------------------------------------------------hh-
16.116 	 16.116
15.754 	 15.754
15.781 	 15.781
16.189 	 16.189
15.604 	 15.604
15.714 	 15.714
15.783 	 15.783
15.782 	 15.782
15.652 	 15.652
15.510 	 15.510
disconn blueoth
--------------d--i-s-co-n------n------------------------------------------------  bll-u---ee----------------ot------------------------------------------------------------------------------------------------------------------------------------------------------------h-
15.899 	 15.899
15.756 	 15.756
15.435 	 15.435
15.704 	 15.704
15.788 	 15.788
15.718 	 15.718
15.732 	 15.732
15.536 	 15.536
15.760 	 15.760
15.467 	 15.467
disconn blueoth
--------------d--i-s-co-n------n------------------------------------------------  bll-u---ee----------------ot------------------------------------------------------------------------------------------------------------------------------------------------------------h-
15.695 	 15.695
15.935 	 15.935
15.592 	 15.592
15.593 	 15.593
15.557 	 15.557
15.597 	 15.597
15.825 	 15.825
16.058 	 16.058
15.685 	 15.685
15.735 	 15.735
di conn blueoth
--------------d--i-s-co-n------n------------------------------------------------  bll-u---ee----------------ot-----------------------------------------------------------------------------------------------------------------------------------------------------------hh-
15.655 	 15.655
15.597 	 15.597
15.746 	 15.746
16.083 	 16.083
15.799 	 15.799
15.737 	 15.737
15.655 	 15.655
15.757 	 15.757
15.644 	 15.644
15.512 	 15.512
di conn bluetoth
--------------d--i-s-co-n------n------------------------------------------------  bll-u---e-----------------ot-----------------------------------------------------------------------------------------------------------------------------------------------------------hh-
15.655 	 15.655
15.474 	 15.474
15.867 	 15.867
15.708 	 15.708
15.493 	 15.493
16.196 	 16.196
15.636 	 15.636
15.531 	 15.531
15.733 	 15.733
15.471 	 15.471
disconn bluetoth
--------------d--i-s-co-n------n------------------------------------------------  bll-u---e-----------------ot------------------------------------------------------------------------------------------------------------------------------------------------------------h-
15.723 	 15.723
16.137 	 16.137
15.525 	 15.525
15.567 	 15.567
15.652 	 15.652
15.750 	 15.750
15.888 	 15.888
15.504 	 15.504
15.571 	 15.571
15.465 	 15.465
disconn bluetoth
--------------d--i-s-co-n------n------------------------------------------------  bll-u---ee----------------ot-----------------------------------------------------------------------------------------------------------------------------------------------------------hh-
15.325 	 15.325
15.536 	 15.536
15.389 	 15.389
15.769 	 15.769
15.743 	 15.743
15.661 	 15.661
15.579 	 15.579
15.879 	 15.879
15.621 	 15.621
15.640 	 15.640
disconn blueoth
--------------d--i-s-co-n------n------------------------------------------------  bll-u---e-----------------ot------------------------------------------------------------------------------------------------------------------------------------------------------------h-
15.520 	 15.520
15.467 	 15.467
15.447 	 15.447
15.427 	 15.427
15.935 	 15.935
15.576 	 15.576
15.391 	 15.391
15.707 	 15.707
15.828 	 15.828
15.796 	 15.796
di conn blueoth
--------------d--i-s-co-n------n------------------------------------------------ -bll-u---ee----------------ot------------------------------------------------------------------------------------------------------------------------------------------------------------h-
15.705 	 15.705
15.681 	 15.681
15.529 	 15.529
15.451 	 15.451
15.637 	 15.637
15.669 	 15.669
15.619 	 15.619
15.614 	 15.614
15.634 	 15.634
15.910 	 15.910
di conn blueoth
--------------d--i-s-co-n------n------------------------------------------------ -bll-u---ee----------------ot------------------------------------------------------------------------------------------------------------------------------------------------------------h-
15.856 	 15.856
16.016 	 16.016
15.559 	 15.559
15.546 	 15.546
15.785 	 15.785
15.808 	 15.808
15.743 	 15.743
15.678 	 15.678
15.551 	 15.551
15.563 	 15.563
disconn blueoth
--------------d--i-s-co-n------n------------------------------------------------  bll-u---e-----------------ot------------------------------------------------------------------------------------------------------------------------------------------------------------h-
15.782 	 15.782
15.517 	 15.517
15.434 	 15.434
15.490 	 15.490
15.575 	 15.575
15.480 	 15.480
15.493 	 15.493
15.523 	 15.523
15.314 	 15.314
15.784 	 15.784
disconn blueoth
--------------d--i-s-co-n------n------------------------------------------------  bll-u---e-----------------ot------------------------------------------------------------------------------------------------------------------------------------------------------------h-
15.675 	 15.675
15.476 	 15.476
15.494 	 15.494
15.307 	 15.307
15.349 	 15.349
15.306 	 15.306
15.323 	 15.323
15.322 	 15.322
15.127 	 15.127
15.451 	 15.451
disconn blueoth
--------------d--i-s-co-n------n------------------------------------------------  bll-u---e-----------------ot------------------------------------------------------------------------------------------------------------------------------------------------------------h-
15.619 	 15.619
15.425 	 15.425
15.340 	 15.340
15.865 	 15.865
15.772 	 15.772
15.782 	 15.782
15.378 	 15.378
15.767 	 15.767
16.081 	 16.081
16.210 	 16.210
di conn blueoth
--------------d--i- -co-n------n------------------------------------------------  bll-u---ee----------------ot------------------------------------------------------------------------------------------------------------------------------------------------------------h-
15.697 	 15.697
15.385 	 15.385
15.389 	 15.389
15.844 	 15.844
15.918 	 15.918
15.467 	 15.467
15.569 	 15.569
15.458 	 15.458
15.497 	 15.497
15.460 	 15.460
disconn bluetoth
--------------d--i-s-co-n------n------------------------------------------------  bll-u---e-----------------ot------------------------------------------------------------------------------------------------------------------------------------------------------------h-
15.280 	 15.280
15.690 	 15.690
15.352 	 15.352
15.286 	 15.286
15.227 	 15.227
15.266 	 15.266
15.450 	 15.450
15.696 	 15.696
15.346 	 15.346
15.505 	 15.505
disconn bluetoth
--------------d--i-s-co-n------n------------------------------------------------  bll-u---e-----------------ot-----------------------------------------------------------------------------------------------------------------------------------------------------------hh-
15.779 	 15.779
15.703 	 15.703
15.479 	 15.479
15.148 	 15.148
15.512 	 15.512
15.238 	 15.238
15.442 	 15.442
15.993 	 15.993
15.469 	 15.469
15.329 	 15.329
disconn blueoth
--------------d--i-s-co-n------n------------------------------------------------ -bll-u---ee----------------ot-----------------------------------------------------------------------------------------------------------------------------------------------------------hh-
15.323 	 15.323
15.640 	 15.640
15.405 	 15.405
15.483 	 15.483
15.509 	 15.509
15.711 	 15.711
15.334 	 15.334
15.176 	 15.176
15.121 	 15.121
15.460 	 15.460
di connt bluetth
--------------d--i-s-co-n------n------------------------------------------------  bll-u---e------------------t------------------------------------------------------------------------------------------------------------------------------------------------------------h-
15.941 	 15.941
15.617 	 15.617
15.682 	 15.682
15.324 	 15.324
15.222 	 15.222
15.367 	 15.367
15.178 	 15.178
15.363 	 15.363
15.651 	 15.651
15.409 	 15.409
disconn blueoth
--------------d--i-s-co-n------n------------------------------------------------  bll-u---e-----------------ot------------------------------------------------------------------------------------------------------------------------------------------------------------h-
15.296 	 15.296
15.297 	 15.297
15.144 	 15.144
15.869 	 15.869
15.780 	 15.780
15.563 	 15.563
15.271 	 15.271
15.196 	 15.196
15.160 	 15.160
15.170 	 15.170
disconn blueoth
--------------d--i-s-co-n------n------------------------------------------------ -bll-u---ee----------------ot------------------------------------------------------------------------------------------------------------------------------------------------------------h-
15.148 	 15.148
15.367 	 15.367
15.499 	 15.499
15.363 	 15.363
15.010 	 15.010
15.065 	 15.065
15.129 	 15.129
15.011 	 15.011
15.205 	 15.205
15.524 	 15.524
di conn bluetoth
--------------d--i-s-co-n------n------------------------------------------------  bll-u---e-----------------ot------------------------------------------------------------------------------------------------------------------------------------------------------------h-
15.884 	 15.884
15.224 	 15.224
15.164 	 15.164
15.310 	 15.310
15.105 	 15.105
15.157 	 15.157
15.021 	 15.021
15.695 	 15.695
15.374 	 15.374
15.449 	 15.449
disconnt bluetoth
--------------d--i-s-co-n------n------------------------------------------------  bll-u---e---t-------------ot------------------------------------------------------------------------------------------------------------------------------------------------------------h-
15.328 	 15.328
15.212 	 15.212
15.098 	 15.098
15.365 	 15.365
15.332 	 15.332
15.210 	 15.210
15.199 	 15.199
15.363 	 15.363
14.994 	 14.994
15.342 	 15.342
di conne bluetoth
--------------d--i-s-co-n------n---------------------------------------------e--  bll-u---e---t-------------ot-----------------------------------------------------------------------------------------------------------------------------------------------------------hh-
15.203 	 15.203
18.013 	 18.013
17.315 	 17.315
16.122 	 16.122
15.721 	 15.721
15.813 	 15.813
15.378 	 15.378
15.531 	 15.531
16.145 	 16.145
16.198 	 16.198
di conn blueoth
--------------d--i-s-co-n------n------------------------------------------------ -bll-u---ee----------------ot------------------------------------------------------------------------------------------------------------------------------------------------------------h-
15.428 	 15.428
15.263 	 15.263
15.411 	 15.411
15.241 	 15.241
15.100 	 15.100
15.699 	 15.699
15.452 	 15.452
15.079 	 15.079
15.245 	 15.245
15.127 	 15.127
di conn blueoth
--------------d--i-s-co-n------n------------------------------------------------  bll-u---e-----------------ot-----------------------------------------------------------------------------------------------------------------------------------------------------------hh-
15.333 	 15.333
15.666 	 15.666
15.575 	 15.575
15.410 	 15.410
15.349 	 15.349
15.016 	 15.016
15.176 	 15.176
16.234 	 16.234
15.409 	 15.409
15.194 	 15.194
di conn bluetoth
--------------d--i-s-co-n------n------------------------------------------------  bll-u---e-----------------ot------------------------------------------------------------------------------------------------------------------------------------------------------------h-
15.519 	 15.519
15.086 	 15.086
15.012 	 15.012
14.897 	 14.897
15.262 	 15.262
15.515 	 15.515
15.116 	 15.116
15.066 	 15.066
14.920 	 14.920
15.078 	 15.078
disconn blueoth/u/zw9ga/.conda/envs/ml/lib/python3.6/site-packages/tensorflow/python/framework/dtypes.py:517: FutureWarning: Passing (type, 1) or '1type' as a synonym of type is deprecated; in a future version of numpy, it will be understood as (type, (1,)) / '(1,)type'.
  _np_qint8 = np.dtype([("qint8", np.int8, 1)])
/u/zw9ga/.conda/envs/ml/lib/python3.6/site-packages/tensorflow/python/framework/dtypes.py:518: FutureWarning: Passing (type, 1) or '1type' as a synonym of type is deprecated; in a future version of numpy, it will be understood as (type, (1,)) / '(1,)type'.
  _np_quint8 = np.dtype([("quint8", np.uint8, 1)])
/u/zw9ga/.conda/envs/ml/lib/python3.6/site-packages/tensorflow/python/framework/dtypes.py:519: FutureWarning: Passing (type, 1) or '1type' as a synonym of type is deprecated; in a future version of numpy, it will be understood as (type, (1,)) / '(1,)type'.
  _np_qint16 = np.dtype([("qint16", np.int16, 1)])
/u/zw9ga/.conda/envs/ml/lib/python3.6/site-packages/tensorflow/python/framework/dtypes.py:520: FutureWarning: Passing (type, 1) or '1type' as a synonym of type is deprecated; in a future version of numpy, it will be understood as (type, (1,)) / '(1,)type'.
  _np_quint16 = np.dtype([("quint16", np.uint16, 1)])
/u/zw9ga/.conda/envs/ml/lib/python3.6/site-packages/tensorflow/python/framework/dtypes.py:521: FutureWarning: Passing (type, 1) or '1type' as a synonym of type is deprecated; in a future version of numpy, it will be understood as (type, (1,)) / '(1,)type'.
  _np_qint32 = np.dtype([("qint32", np.int32, 1)])
/u/zw9ga/.conda/envs/ml/lib/python3.6/site-packages/tensorflow/python/framework/dtypes.py:526: FutureWarning: Passing (type, 1) or '1type' as a synonym of type is deprecated; in a future version of numpy, it will be understood as (type, (1,)) / '(1,)type'.
  np_resource = np.dtype([("resource", np.ubyte, 1)])

--------------d--i-s-co-n------n------------------------------------------------ -bll-u---e-----------------ot------------------------------------------------------------------------------------------------------------------------------------------------------------h-
15.727 	 15.727
15.737 	 15.737
15.690 	 15.690
15.747 	 15.747
14.960 	 14.960
15.076 	 15.076
16.911 	 16.911
15.582 	 15.582
15.389 	 15.389
15.237 	 15.237
di conn blueoth
--------------d--i-s-co-n------n------------------------------------------------ -bll-u---ee----------------ot-----------------------------------------------------------------------------------------------------------------------------------------------------------hh-
15.386 	 15.386
15.285 	 15.285
15.207 	 15.207
15.042 	 15.042
15.173 	 15.173
15.165 	 15.165
15.134 	 15.134
15.065 	 15.065
15.259 	 15.259
15.117 	 15.117
di conn blueoth
--------------d--i-s-co-n------n------------------------------------------------  bll-u---ee----------------ot-----------------------------------------------------------------------------------------------------------------------------------------------------------hh-
15.094 	 15.094
15.869 	 15.869
15.007 	 15.007
15.377 	 15.377
14.927 	 14.927
15.288 	 15.288
15.175 	 15.175
15.590 	 15.590
15.180 	 15.180
15.325 	 15.325
di connt bluetoth
--------------d--i-s-co-n------n------------------------------------------------  bll-u---e-----------------ot------------------------------------------------------------------------------------------------------------------------------------------------------------h-
15.196 	 15.196
14.902 	 14.902
15.258 	 15.258
15.227 	 15.227
15.300 	 15.300
15.303 	 15.303
15.559 	 15.559
15.239 	 15.239
15.048 	 15.048
15.287 	 15.287
disconn bluetoth
--------------d--i-s-co-n------n------------------------------------------------  bll-u---e-----------------ot------------------------------------------------------------------------------------------------------------------------------------------------------------h-
15.036 	 15.036
15.207 	 15.207
15.299 	 15.299
15.008 	 15.008
16.666 	 16.666
15.725 	 15.725
15.852 	 15.852
16.014 	 16.014
15.446 	 15.446
15.471 	 15.471
di conn blueoth
--------------d--i-s-co-n------n------------------------------------------------ -bll-u---ee----------------ot------------------------------------------------------------------------------------------------------------------------------------------------------------h-
15.031 	 15.031
15.828 	 15.828
15.409 	 15.409
15.007 	 15.007
15.193 	 15.193
15.198 	 15.198
15.024 	 15.024
15.072 	 15.072
16.574 	 16.574
15.221 	 15.221
disconn bluetoth
--------------d--i-s-co-n------n------------------------------------------------  bll-u---e-----------------ot------------------------------------------------------------------------------------------------------------------------------------------------------------h-
15.285 	 15.285
15.314 	 15.314
15.900 	 15.900
15.415 	 15.415
15.292 	 15.292
15.410 	 15.410
15.300 	 15.300
15.399 	 15.399
15.333 	 15.333
16.889 	 16.889
disconnt bluetoth
--------------d--i-s-co-n------n------------------------------------------------  bll-u---e-----------------ot------------------------------------------------------------------------------------------------------------------------------------------------------------h-
15.114 	 15.114
15.205 	 15.205
14.911 	 14.911
15.365 	 15.365
15.342 	 15.342
15.473 	 15.473
15.302 	 15.302
15.441 	 15.441
15.232 	 15.232
15.053 	 15.053
di conn bluetoth
--------------d--i-s-co-n------n------------------------------------------------  bll-u---ee----------------ot------------------------------------------------------------------------------------------------------------------------------------------------------------h-
15.097 	 15.097
15.118 	 15.118
15.340 	 15.340
14.968 	 14.968
15.158 	 15.158
15.063 	 15.063
15.183 	 15.183
15.074 	 15.074
15.061 	 15.061
15.238 	 15.238
Final distortion 45.036015
