source dB 63.55649948120117

--------------------------------------------------------------------------------------------------------------------------------------------------------------------------------------------------------------------------------------------------------------------------------------------------------
71.430 	 71.430
57.788 	 57.788
52.465 	 52.465
28.035 	 28.035
32.670 	 32.670
28.933 	 28.933
22.498 	 22.498
17.396 	 17.396
14.408 	 14.408
13.942 	 13.942
calil tivil
------c-a-------------------------------------------------------------------------------------------------------------------------------------------------------i-------- -t-i---vi------l--------------------------------------------------------------------------------------------------------------
13.080 	 13.080
11.618 	 11.618
9.697 	 9.697
14.988 	 14.988
8.782 	 8.782
7.466 	 7.466
10.959 	 10.959
6.685 	 6.685
8.378 	 8.378
6.539 	 6.539
calevil
------c-a----------------------------------------------------------------------------------------------------------------------------------------------------------------- --e---v-i----ll--------------------------------------------------------------------------------------------------------------
6.480 	 6.480
5.981 	 5.981
4.601 	 4.601
3.909 	 3.909
4.823 	 4.823
3.625 	 3.625
3.720 	 3.720
3.540 	 3.540
2.945 	 2.945
2.806 	 2.806
call evil
------c-a------------------------------------------------------------------------------------------------------------------------------------------------------l---------- --e---v-i----ll--------------------------------------------------------------------------------------------------------------
2.999 	 2.999
Worked i=0 ctcloss=2.999315 bound=1600.000024
2.236 	 2.236
2.310 	 2.310
2.313 	 2.313
1.720 	 1.720
2.364 	 2.364
1.693 	 1.693
2.138 	 2.138
1.790 	 1.790
1.490 	 1.490
call evil
------c-a------------------------------------------------------------------------------------------------------------------------------------------------------l------l--- --e---v-i----ll--------------------------------------------------------------------------------------------------------------
1.293 	 1.293
Worked i=0 ctcloss=1.293240 bound=1280.000091
1.224 	 1.224
1.009 	 1.009
0.976 	 0.976
0.958 	 0.958
0.811 	 0.811
0.847 	 0.847
0.756 	 0.756
0.713 	 0.713
0.631 	 0.631
call evil
------c-a------------------------------------------------------------------------------------------------------------------------------------------------------l------l--- --e---v-i----ll--------------------------------------------------------------------------------------------------------------
0.536 	 0.536
Worked i=0 ctcloss=0.535764 bound=1024.000049
0.603 	 0.603
0.512 	 0.512
0.597 	 0.597
0.467 	 0.467
0.644 	 0.644
0.590 	 0.590
0.500 	 0.500
0.391 	 0.391
0.335 	 0.335
call evil
------c-a------------------------------------------------------------------------------------------------------------------------------------------------------l------l--- --e---v-i----ll--------------------------------------------------------------------------------------------------------------
0.331 	 0.331
Worked i=0 ctcloss=0.330556 bound=819.200039
0.387 	 0.387
0.565 	 0.565
0.290 	 0.290
0.475 	 0.475
0.378 	 0.378
0.322 	 0.322
0.267 	 0.267
0.300 	 0.300
0.286 	 0.286
call evil
------c-a------------------------------------------------------------------------------------------------------------------------------------------------------l------l--- --e---v-i----ll--------------------------------------------------------------------------------------------------------------
0.232 	 0.232
Worked i=0 ctcloss=0.232066 bound=655.360043
0.292 	 0.292
0.275 	 0.275
0.222 	 0.222
0.166 	 0.166
0.169 	 0.169
0.144 	 0.144
0.308 	 0.308
0.162 	 0.162
0.193 	 0.193
call evil
------c-a------------------------------------------------------------------------------------------------------------------------------------------------------l------l--- --e---v-i----ll--------------------------------------------------------------------------------------------------------------
0.131 	 0.131
Worked i=0 ctcloss=0.131248 bound=524.288058
0.374 	 0.374
0.258 	 0.258
0.170 	 0.170
0.119 	 0.119
0.105 	 0.105
0.164 	 0.164
0.078 	 0.078
0.099 	 0.099
0.063 	 0.063
call evil
------c-a------------------------------------------------------------------------------------------------------------------------------------------------------l------l--- --e---v-i---lll--------------------------------------------------------------------------------------------------------------
0.287 	 0.287
Worked i=0 ctcloss=0.287390 bound=419.430465
0.125 	 0.125
0.119 	 0.119
0.085 	 0.085
0.103 	 0.103
0.072 	 0.072
0.177 	 0.177
0.218 	 0.218
0.122 	 0.122
0.155 	 0.155
call evil
------c-a------------------------------------------------------------------------------------------------------------------------------------------------------l------l--- --e---v-i----ll--------------------------------------------------------------------------------------------------------------
0.132 	 0.132
Worked i=0 ctcloss=0.132489 bound=335.544378
0.287 	 0.287
0.161 	 0.161
0.122 	 0.122
0.094 	 0.094
0.075 	 0.075
0.071 	 0.071
0.071 	 0.071
0.060 	 0.060
0.062 	 0.062
call evil
------c-a------------------------------------------------------------------------------------------------------------------------------------------------------l------l--  --e---v-i----ll--------------------------------------------------------------------------------------------------------------
0.046 	 0.046
Worked i=0 ctcloss=0.045988 bound=268.435508
0.072 	 0.072
0.233 	 0.233
0.109 	 0.109
0.092 	 0.092
0.084 	 0.084
0.055 	 0.055
0.042 	 0.042
0.043 	 0.043
0.035 	 0.035
call evil
------c-a------------------------------------------------------------------------------------------------------------------------------------------------------l------l--  --e---v-i----ll--------------------------------------------------------------------------------------------------------------
0.045 	 0.045
Worked i=0 ctcloss=0.044543 bound=214.748412
0.090 	 0.090
0.051 	 0.051
0.039 	 0.039
0.232 	 0.232
0.047 	 0.047
0.049 	 0.049
0.034 	 0.034
0.035 	 0.035
0.032 	 0.032
call evil
------c-a------------------------------------------------------------------------------------------------------------------------------------------------------l------l--  --e----v-i---ll--------------------------------------------------------------------------------------------------------------
0.027 	 0.027
Worked i=0 ctcloss=0.026774 bound=171.798736
0.066 	 0.066
0.071 	 0.071
0.049 	 0.049
0.123 	 0.123
0.091 	 0.091
0.051 	 0.051
0.588 	 0.588
2.408 	 2.408
1.196 	 1.196
call evil
------c-a-----------------------------------------------------------------------------------------------------------------------------------------------------l------l--- ---e---v-i----ll--------------------------------------------------------------------------------------------------------------
0.710 	 0.710
Worked i=0 ctcloss=0.709948 bound=137.438998
1.228 	 1.228
0.774 	 0.774
0.538 	 0.538
0.397 	 0.397
0.319 	 0.319
0.266 	 0.266
0.212 	 0.212
0.148 	 0.148
0.165 	 0.165
call evil
------c-a-----------------------------------------------------------------------------------------------------------------------------------------------------l------l---- --e----v-i---ll--------------------------------------------------------------------------------------------------------------
0.121 	 0.121
Worked i=0 ctcloss=0.121177 bound=109.951198
0.529 	 0.529
0.369 	 0.369
0.212 	 0.212
0.499 	 0.499
0.954 	 0.954
5.564 	 5.564
3.959 	 3.959
1.170 	 1.170
1.293 	 1.293
call evil
------c-a-----------------------------------------------------------------------------------------------------------------------------------------------------l------l---- --e----v-i---ll--------------------------------------------------------------------------------------------------------------
1.119 	 1.119
Worked i=0 ctcloss=1.119240 bound=87.960958
1.896 	 1.896
1.242 	 1.242
1.690 	 1.690
0.942 	 0.942
0.675 	 0.675
1.287 	 1.287
1.640 	 1.640
0.780 	 0.780
1.212 	 1.212
cal evil
------c-a-----------------------------------------------------------------------------------------------------------------------------------------------------l----------- --e----v-i---ll--------------------------------------------------------------------------------------------------------------
3.165 	 3.165
2.672 	 2.672
1.082 	 1.082
0.759 	 0.759
0.686 	 0.686
0.533 	 0.533
0.376 	 0.376
0.322 	 0.322
0.248 	 0.248
0.318 	 0.318
call evil
------c-a-----------------------------------------------------------------------------------------------------------------------------------------------------ll------l--- --e----v-i---ll--------------------------------------------------------------------------------------------------------------
0.374 	 0.374
Worked i=0 ctcloss=0.373963 bound=70.368767
1.429 	 1.429
0.743 	 0.743
0.688 	 0.688
0.474 	 0.474
0.342 	 0.342
0.264 	 0.264
0.221 	 0.221
0.170 	 0.170
0.151 	 0.151
call evil
------c-a------------------------------------------------------------------------------------------------------------------------------------------------------l-----l---- --e----v-i---ll--------------------------------------------------------------------------------------------------------------
0.107 	 0.107
Worked i=0 ctcloss=0.107265 bound=56.295015
1.078 	 1.078
0.517 	 0.517
0.464 	 0.464
0.299 	 0.299
0.207 	 0.207
0.212 	 0.212
0.167 	 0.167
0.127 	 0.127
0.113 	 0.113
call evil
------c-a------------------------------------------------------------------------------------------------------------------------------------------------------l-----l---  --e----v-i---ll--------------------------------------------------------------------------------------------------------------
0.096 	 0.096
Worked i=0 ctcloss=0.095971 bound=45.036014
0.998 	 0.998
0.523 	 0.523
0.416 	 0.416
0.293 	 0.293
0.196 	 0.196
0.230 	 0.230
0.134 	 0.134
0.111 	 0.111
0.104 	 0.104
call evil
------c-a------------------------------------------------------------------------------------------------------------------------------------------------------l-----l---- --e----v-i---ll--------------------------------------------------------------------------------------------------------------
0.092 	 0.092
Worked i=0 ctcloss=0.092218 bound=36.028814
1.841 	 1.841
1.017 	 1.017
0.547 	 0.547
0.432 	 0.432
0.477 	 0.477
0.255 	 0.255
0.233 	 0.233
0.214 	 0.214
0.148 	 0.148
call evil
------c-a------------------------------------------------------------------------------------------------------------------------------------------------------l-----l---- --e----v-i---ll--------------------------------------------------------------------------------------------------------------
0.135 	 0.135
Worked i=0 ctcloss=0.135410 bound=28.823052
3.916 	 3.916
3.113 	 3.113
1.829 	 1.829
1.161 	 1.161
1.042 	 1.042
0.947 	 0.947
0.573 	 0.573
0.605 	 0.605
0.503 	 0.503
call evil
------c-a------------------------------------------------------------------------------------------------------------------------------------------------------l-----l---- --e----v-i---l---------------------------------------------------------------------------------------------------------------
0.383 	 0.383
Worked i=0 ctcloss=0.382742 bound=23.058442
6.052 	 6.052
4.736 	 4.736
3.895 	 3.895
3.520 	 3.520
2.653 	 2.653
2.494 	 2.494
1.950 	 1.950
1.699 	 1.699
1.530 	 1.530
call evil
------c-a------------------------------------------------------------------------------------------------------------------------------------------------------l-----l---- ---e---v-i---l---------------------------------------------------------------------------------------------------------------
1.012 	 1.012
Worked i=0 ctcloss=1.012393 bound=18.446755
9.518 	 9.518
8.139 	 8.139
7.835 	 7.835
5.929 	 5.929
4.545 	 4.545
4.086 	 4.086
3.435 	 3.435
3.344 	 3.344
3.478 	 3.478
call evil
------c-a-------------------------------------------------------------------------------------------------------------------------------------------------------l----l---- ---e---v-i---l---------------------------------------------------------------------------------------------------------------
2.652 	 2.652
Worked i=0 ctcloss=2.652397 bound=14.757404
13.905 	 13.905
13.757 	 13.757
10.456 	 10.456
10.417 	 10.417
8.796 	 8.796
7.656 	 7.656
6.927 	 6.927
6.207 	 6.207
5.945 	 5.945
cal evil
------c-a-------------------------------------------------------------------------------------------------------------------------------------------------------l----l---- ---e---v-i---l---------------------------------------------------------------------------------------------------------------
4.975 	 4.975
4.386 	 4.386
3.774 	 3.774
3.410 	 3.410
4.308 	 4.308
3.539 	 3.539
3.791 	 3.791
4.253 	 4.253
3.644 	 3.644
4.531 	 4.531
cal evil
------c-a----------------------------------------------------------------------------------------------------------------------------------------------------------l------ ---e----v-i--ll--------------------------------------------------------------------------------------------------------------
4.177 	 4.177
4.503 	 4.503
4.004 	 4.004
3.931 	 3.931
3.745 	 3.745
3.354 	 3.354
3.236 	 3.236
3.030 	 3.030
3.263 	 3.263
2.723 	 2.723
call evil
------c-a------------------------------------------------------------------------------------------------------------------------------------------------------l---l------ ---e----v-i--l---------------------------------------------------------------------------------------------------------------
2.502 	 2.502
Worked i=0 ctcloss=2.502490 bound=11.805924
15.358 	 15.358
14.477 	 14.477
13.765 	 13.765
12.828 	 12.828
11.714 	 11.714
11.233 	 11.233
10.061 	 10.061
8.780 	 8.780
8.382 	 8.382
cal evil
------c-a------------------------------------------------------------------------------------------------------------------------------------------------------------l---- ---e----v-i------------------------------------------------------------------------------------------------------------------
8.449 	 8.449
7.775 	 7.775
7.008 	 7.008
6.735 	 6.735
6.416 	 6.416
5.371 	 5.371
5.101 	 5.101
4.856 	 4.856
4.479 	 4.479
4.371 	 4.371
call evil
------c-a------------------------------------------------------------------------------------------------------------------------------------------------------l-----l---- ---e----v-i---l--------------------------------------------------------------------------------------------------------------
3.909 	 3.909
Worked i=0 ctcloss=3.909355 bound=9.444739
33.455 	 33.455
33.674 	 33.674
29.793 	 29.793
26.744 	 26.744
20.066 	 20.066
17.318 	 17.318
17.250 	 17.250
16.132 	 16.132
16.229 	 16.229
c owl
-------c------------------------------------------------------------------------------------------------------------------------------------------------------------------ --e------w-----l-------------------------------------------------------------------------------------------------------------
15.986 	 15.986
14.840 	 14.840
16.519 	 16.519
14.514 	 14.514
14.193 	 14.193
13.687 	 13.687
12.687 	 12.687
11.743 	 11.743
10.994 	 10.994
10.572 	 10.572
cal evil
-------c-a---------------------------------------------------------------------------------------------------------------------------------------------------------------- ---e-----v-i---l-------------------------------------------------------------------------------------------------------------
9.618 	 9.618
9.803 	 9.803
9.869 	 9.869
8.500 	 8.500
9.011 	 9.011
8.235 	 8.235
7.682 	 7.682
8.292 	 8.292
7.578 	 7.578
7.594 	 7.594
cal evil
------c-a----------------------------------------------------------------------------------------------------------------------------------------------------------------- ---e-----v-i---l-------------------------------------------------------------------------------------------------------------
7.295 	 7.295
6.812 	 6.812
6.999 	 6.999
6.664 	 6.664
6.381 	 6.381
6.634 	 6.634
6.496 	 6.496
6.348 	 6.348
6.604 	 6.604
6.400 	 6.400
cal evil
-------ca-------------------------------------------------------------------------------------------------------------------------------------------------------l--------- ---e-----v-i---l-------------------------------------------------------------------------------------------------------------
5.689 	 5.689
5.578 	 5.578
5.404 	 5.404
6.563 	 6.563
5.526 	 5.526
5.652 	 5.652
5.229 	 5.229
5.148 	 5.148
5.293 	 5.293
5.643 	 5.643
cl evil
-------c--------------------------------------------------------------------------------------------------------------------------------------------------------l--------- ---e-----v-i---l-------------------------------------------------------------------------------------------------------------
5.223 	 5.223
4.887 	 4.887
5.456 	 5.456
5.699 	 5.699
6.301 	 6.301
5.291 	 5.291
5.363 	 5.363
5.309 	 5.309
5.443 	 5.443
6.112 	 6.112
call evil
-------ca-------------------------------------------------------------------------------------------------------------------------------------------------------l-----l--- ---e----v--i--l--------------------------------------------------------------------------------------------------------------
4.759 	 4.759
Worked i=0 ctcloss=4.759431 bound=7.555791
34.666 	 34.666
33.916 	 33.916
34.443 	 34.443
32.083 	 32.083
30.831 	 30.831
29.081 	 29.081
26.327 	 26.327
24.957 	 24.957
22.564 	 22.564
l
--------------------------------------------------------------------------------------------------------------------------------------------------------------------------------------------------------------------------------------------------------------------------------------------------------
21.938 	 21.938
20.711 	 20.711
19.707 	 19.707
19.848 	 19.848
19.790 	 19.790
19.091 	 19.091
18.437 	 18.437
18.545 	 18.545
17.882 	 17.882
18.091 	 18.091
cal w
-------c-a---------------------------------------------------------------------------------------------------------------------------------------------------------------- ----------w------------------------------------------------------------------------------------------------------------------
17.063 	 17.063
16.383 	 16.383
15.859 	 15.859
14.969 	 14.969
15.471 	 15.471
15.921 	 15.921
13.738 	 13.738
14.714 	 14.714
13.795 	 13.795
13.815 	 13.815
cal wo
-------c-a--------------------------------------------------------------------------------------------------------------------------------------------l------------------- ----------w-o----------------------------------------------------------------------------------------------------------------
13.890 	 13.890
14.527 	 14.527
13.797 	 13.797
13.559 	 13.559
13.322 	 13.322
12.813 	 12.813
12.371 	 12.371
12.290 	 12.290
11.630 	 11.630
11.774 	 11.774
cal e vol
-------c-a------------------------------------------------------------------------------------------------------------------------------------l--------------------------- --e----- v-o----l------------------------------------------------------------------------------------------------------------
12.002 	 12.002
12.057 	 12.057
11.452 	 11.452
11.594 	 11.594
11.142 	 11.142
11.237 	 11.237
10.682 	 10.682
11.504 	 11.504
11.540 	 11.540
11.454 	 11.454
cal vol
-------c-a---------------------------------------------------------------------------------------------------------------------------------------------------------------- --e------v-o----l------------------------------------------------------------------------------------------------------------
10.471 	 10.471
10.551 	 10.551
10.479 	 10.479
10.682 	 10.682
10.867 	 10.867
10.207 	 10.207
10.561 	 10.561
10.137 	 10.137
9.991 	 9.991
9.443 	 9.443
cal vil
-------ca----------------------------------------------------------------------------------------------------------------------------------------------------------------- ---------v-i----l------------------------------------------------------------------------------------------------------------
10.084 	 10.084
9.434 	 9.434
9.709 	 9.709
11.113 	 11.113
11.615 	 11.615
10.068 	 10.068
10.678 	 10.678
11.559 	 11.559
10.763 	 10.763
10.367 	 10.367
call hevil
-------c-a------------------------------------------------------------------------------------------------------------------------------------l--------------------------- --he-----v-i----l------------------------------------------------------------------------------------------------------------
10.469 	 10.469
9.261 	 9.261
9.957 	 9.957
9.591 	 9.591
9.066 	 9.066
9.261 	 9.261
10.195 	 10.195
10.091 	 10.091
8.930 	 8.930
8.934 	 8.934
call vol
-------c-a------------------------------------------------------------------------------------------------------------------------------------l--------------------------- ---e------v-o---l------------------------------------------------------------------------------------------------------------
9.708 	 9.708
10.684 	 10.684
9.987 	 9.987
10.164 	 10.164
10.181 	 10.181
9.919 	 9.919
9.194 	 9.194
9.672 	 9.672
10.098 	 10.098
9.203 	 9.203
call evil
-------c-a------------------------------------------------------------------------------------------------------------------------------------ll-------------------------- --e------v-i----l------------------------------------------------------------------------------------------------------------
9.450 	 9.450
Worked i=0 ctcloss=9.450281 bound=6.044633
42.456 	 42.456
41.162 	 41.162
42.132 	 42.132
42.367 	 42.367
37.575 	 37.575
36.095 	 36.095
32.660 	 32.660
30.211 	 30.211
28.307 	 28.307
l
--------------------------------------------------------------------------------------------------------------------------------------------------------------------------------------------------------------------------------------------------------------------------------------------------------
29.348 	 29.348
27.763 	 27.763
25.656 	 25.656
26.432 	 26.432
25.679 	 25.679
26.613 	 26.613
25.419 	 25.419
25.493 	 25.493
24.967 	 24.967
25.898 	 25.898
l 
--------------------------------------------------------------------------------------------------------------------------------------------------------------------------------------------------------------------------------------------------------------------------------------------------------
24.695 	 24.695
25.337 	 25.337
24.644 	 24.644
24.016 	 24.016
23.985 	 23.985
23.895 	 23.895
23.558 	 23.558
23.433 	 23.433
23.449 	 23.449
22.397 	 22.397
l 
--------------------------------------------------------------------------------------------------------------------------------------------------------------------------------------------------------------------------------------------------------------------------------------------------------
22.722 	 22.722
22.610 	 22.610
23.027 	 23.027
21.990 	 21.990
21.920 	 21.920
21.784 	 21.784
22.231 	 22.231
22.002 	 22.002
21.388 	 21.388
24.181 	 24.181
l 
--------------------------------------------------------------------------------------------------------------------------------------------------------------------------------------------------------------------------------------------------------------------------------------------------------
20.953 	 20.953
21.998 	 21.998
21.940 	 21.940
21.547 	 21.547
21.569 	 21.569
21.655 	 21.655
21.234 	 21.234
20.296 	 20.296
21.425 	 21.425
21.811 	 21.811
l 
--------------------------------------------------------------------------------------------------------------------------------------------------------------------------------------------------------------------------------------------------------------------------------------------------------
20.926 	 20.926
20.745 	 20.745
21.135 	 21.135
19.986 	 19.986
20.365 	 20.365
20.735 	 20.735
20.051 	 20.051
21.220 	 21.220
20.705 	 20.705
19.766 	 19.766
l o
-------------------------------------------------------------------------------------------------------------------------------------------------------------------------- -----------------------------------------------------------------------------------------------------------------------------
20.574 	 20.574
20.373 	 20.373
20.861 	 20.861
20.213 	 20.213
20.248 	 20.248
20.080 	 20.080
19.927 	 19.927
19.395 	 19.395
20.443 	 20.443
19.917 	 19.917
l mo
-------------------------------------------------------------------------------------------------------------------------------------------------------------------------- ----------m-o----------------------------------------------------------------------------------------------------------------
19.785 	 19.785
19.065 	 19.065
19.944 	 19.944
21.056 	 21.056
19.818 	 19.818
19.731 	 19.731
19.366 	 19.366
20.758 	 20.758
19.498 	 19.498
19.669 	 19.669
l wo
-------------------------------------------------------------------------------------------------------------------------------------------------------------------------- -----------w-o---------------------------------------------------------------------------------------------------------------
18.970 	 18.970
20.292 	 20.292
19.054 	 19.054
19.009 	 19.009
19.630 	 19.630
19.744 	 19.744
20.933 	 20.933
19.386 	 19.386
19.297 	 19.297
20.251 	 20.251
l wo
-------------------------------------------------------------------------------------------------------------------------------------------------------------------------- -----------w-----------------------------------------------------------------------------------------------------------------
20.649 	 20.649
18.579 	 18.579
19.187 	 19.187
19.763 	 19.763
19.222 	 19.222
20.215 	 20.215
19.540 	 19.540
19.561 	 19.561
20.515 	 20.515
19.714 	 19.714
l l
-------------------------------------------------------------------------------------------------------------------------------------------------------l------------------ -----------------------------------------------------------------------------------------------------------------------------
21.053 	 21.053
19.393 	 19.393
19.024 	 19.024
19.236 	 19.236
19.042 	 19.042
19.481 	 19.481
20.267 	 20.267
19.141 	 19.141
19.209 	 19.209
20.373 	 20.373
l wo
-------------------------------------------------------------------------------------------------------------------------------------------------------------------------- -----------w-o---------------------------------------------------------------------------------------------------------------
19.667 	 19.667
20.374 	 20.374
20.283 	 20.283
19.511 	 19.511
19.028 	 19.028
18.663 	 18.663
19.722 	 19.722
19.555 	 19.555
18.983 	 18.983
19.631 	 19.631
l  mol
-------------------------------------------------------------------------------------------------------------------------------------------------------------------------- ----------m-o----------------------------------------------------------------------------------------------------------------
19.370 	 19.370
19.015 	 19.015
19.491 	 19.491
18.693 	 18.693
19.353 	 19.353
18.542 	 18.542
18.506 	 18.506
20.216 	 20.216
18.522 	 18.522
18.873 	 18.873
l 
--------------------------------------------------------------------------------------------------------------------------------------------------------------------------------------------------------------------------------------------------------------------------------------------------------
19.444 	 19.444
18.847 	 18.847
19.145 	 19.145
19.929 	 19.929
18.725 	 18.725
19.188 	 19.188
18.893 	 18.893
18.866 	 18.866
19.206 	 19.206
19.508 	 19.508
l w
-------------------------------------------------------------------------------------------------------------------------------------------------------------------------- -----------w-----------------------------------------------------------------------------------------------------------------
19.370 	 19.370
19.198 	 19.198
19.630 	 19.630
19.778 	 19.778
19.289 	 19.289
18.991 	 18.991
19.617 	 19.617
19.050 	 19.050
18.774 	 18.774
19.757 	 19.757
l l
-------------------------------------------------------------------------------------------------------------------------------------------------------l------------------ ----------w------------------------------------------------------------------------------------------------------------------
18.845 	 18.845
19.729 	 19.729
19.206 	 19.206
19.247 	 19.247
19.429 	 19.429
19.250 	 19.250
19.785 	 19.785
18.658 	 18.658
18.256 	 18.256
19.342 	 19.342
l 
-------------------------------------------------------------------------------------------------------------------------------------------------------l------------------------------------------------------------------------------------------------------------------------------------------------
19.455 	 19.455
19.917 	 19.917
20.231 	 20.231
19.318 	 19.318
18.726 	 18.726
18.502 	 18.502
19.530 	 19.530
19.868 	 19.868
18.163 	 18.163
19.884 	 19.884
l l
-------------------------------------------------------------------------------------------------------------------------------------------------------l------------------ ----------m------------------------------------------------------------------------------------------------------------------
20.340 	 20.340
18.508 	 18.508
19.992 	 19.992
19.612 	 19.612
19.184 	 19.184
19.377 	 19.377
19.695 	 19.695
18.633 	 18.633
18.223 	 18.223
19.271 	 19.271
l w
--------------------------------------------------------------------------------------------------------------------------------------------------------------------------------------w-----------------------------------------------------------------------------------------------------------------
19.962 	 19.962
18.932 	 18.932
19.229 	 19.229
18.978 	 18.978
18.866 	 18.866
19.166 	 19.166
18.393 	 18.393
18.216 	 18.216
19.106 	 19.106
18.828 	 18.828
l wo
-------------------------------------------------------------------------------------------------------------------------------------------------------l------------------ -----------w-o---------------------------------------------------------------------------------------------------------------
19.292 	 19.292
19.870 	 19.870
18.050 	 18.050
18.960 	 18.960
19.044 	 19.044
18.545 	 18.545
18.756 	 18.756
19.375 	 19.375
18.780 	 18.780
19.381 	 19.381
l l
-------------------------------------------------------------------------------------------------------------------------------------------------------l------------------------------w-----------------------------------------------------------------------------------------------------------------
18.423 	 18.423
18.172 	 18.172
18.541 	 18.541
18.558 	 18.558
18.508 	 18.508
18.778 	 18.778
19.084 	 19.084
18.967 	 18.967
17.852 	 17.852
18.258 	 18.258
l 
-------------------------------------------------------------------------------------------------------------------------------------------------------------------------- -----------------------------------------------------------------------------------------------------------------------------
19.075 	 19.075
19.731 	 19.731
18.731 	 18.731
19.148 	 19.148
18.296 	 18.296
18.640 	 18.640
20.018 	 20.018
19.478 	 19.478
18.901 	 18.901
18.595 	 18.595
l w
--------------------------------------------------------------------------------------------------------------------------------------------------------------------------------------w-----------------------------------------------------------------------------------------------------------------
19.422 	 19.422
19.370 	 19.370
18.901 	 18.901
18.941 	 18.941
19.127 	 19.127
18.568 	 18.568
18.535 	 18.535
18.967 	 18.967
19.502 	 19.502
18.769 	 18.769
l mo
-------------------------------------------------------------------------------------------------------------------------------------------------------l------------------ ----------m-o----------------------------------------------------------------------------------------------------------------
18.576 	 18.576
18.291 	 18.291
18.913 	 18.913
18.661 	 18.661
19.319 	 19.319
18.664 	 18.664
19.297 	 19.297
19.273 	 19.273
19.780 	 19.780
18.221 	 18.221
l l
-------------------------------------------------------------------------------------------------------------------------------------------------------l------------------ -------------o---------------------------------------------------------------------------------------------------------------
18.566 	 18.566
18.732 	 18.732
19.399 	 19.399
18.924 	 18.924
18.834 	 18.834
17.897 	 17.897
19.012 	 19.012
19.426 	 19.426
19.312 	 19.312
20.798 	 20.798
l l
--------------------------------------------------------------------------------------------------------------------------------------------------------------------------------------------------------------------------------------------------------------------------------------------------------
20.118 	 20.118
18.599 	 18.599
19.053 	 19.053
18.217 	 18.217
18.594 	 18.594
18.197 	 18.197
18.704 	 18.704
18.326 	 18.326
19.008 	 19.008
19.363 	 19.363
l w
-------------------------------------------------------------------------------------------------------------------------------------------------------l------------------------------w-----------------------------------------------------------------------------------------------------------------
18.837 	 18.837
19.001 	 19.001
18.833 	 18.833
19.233 	 19.233
19.378 	 19.378
19.422 	 19.422
18.752 	 18.752
19.151 	 19.151
19.938 	 19.938
18.406 	 18.406
l mo
-------------------------------------------------------------------------------------------------------------------------------------------------------l------------------ ----------m-o----------------------------------------------------------------------------------------------------------------
18.842 	 18.842
19.119 	 19.119
18.073 	 18.073
19.526 	 19.526
19.068 	 19.068
18.078 	 18.078
18.713 	 18.713
18.532 	 18.532
18.599 	 18.599
18.856 	 18.856
l w
-------------------------------------------------------------------------------------------------------------------------------------------------------l------------------ -----------w-----------------------------------------------------------------------------------------------------------------
19.160 	 19.160
18.975 	 18.975
18.863 	 18.863
18.466 	 18.466
18.213 	 18.213
18.728 	 18.728
18.993 	 18.993
18.495 	 18.495
19.078 	 19.078
18.900 	 18.900
l 
-------------------------------------------------------------------------------------------------------------------------------------------------------l------------------ -----------------------------------------------------------------------------------------------------------------------------
18.351 	 18.351
18.264 	 18.264
18.726 	 18.726
18.900 	 18.900
19.064 	 19.064
19.556 	 19.556
20.023 	 20.023
19.025 	 19.025
19.611 	 19.611
18.750 	 18.750
l  mol
-------------------------------------------------------------------------------------------------------------------------------------------------------------------------- ----------m-o---l------------------------------------------------------------------------------------------------------------
19.514 	 19.514
18.182 	 18.182
18.494 	 18.494
18.749 	 18.749
19.181 	 19.181
18.596 	 18.596
18.363 	 18.363
19.081 	 19.081
18.623 	 18.623
18.684 	 18.684
l l
-------------------------------------------------------------------------------------------------------------------------------------------------------l------------------ -----------------------------------------------------------------------------------------------------------------------------
18.788 	 18.788
18.533 	 18.533
17.851 	 17.851
18.737 	 18.737
18.727 	 18.727
19.039 	 19.039
18.611 	 18.611
18.523 	 18.523
19.526 	 19.526
19.031 	 19.031
l l
-------------------------------------------------------------------------------------------------------------------------------------------------------------------------- -----------------------------------------------------------------------------------------------------------------------------
18.976 	 18.976
17.879 	 17.879
19.326 	 19.326
19.021 	 19.021
19.206 	 19.206
19.709 	 19.709
18.859 	 18.859
19.145 	 19.145
18.508 	 18.508
19.467 	 19.467
l l
-------------------------------------------------------------------------------------------------------------------------------------------------------l------------------ -----------w-----------------------------------------------------------------------------------------------------------------
19.113 	 19.113
18.361 	 18.361
18.947 	 18.947
19.190 	 19.190
20.580 	 20.580
20.137 	 20.137
19.722 	 19.722
18.694 	 18.694
18.514 	 18.514
18.701 	 18.701
l o
-------------------------------------------------------------------------------------------------------------------------------------------------------------------------- -------------o---------------------------------------------------------------------------------------------------------------
19.139 	 19.139
18.570 	 18.570
18.978 	 18.978
18.852 	 18.852
19.670 	 19.670
18.875 	 18.875
19.432 	 19.432
19.162 	 19.162
18.620 	 18.620
18.667 	 18.667
l mo
-------------------------------------------------------------------------------------------------------------------------------------------------------l------------------ ----------m------------------------------------------------------------------------------------------------------------------
18.123 	 18.123
19.220 	 19.220
18.560 	 18.560
19.315 	 19.315
18.890 	 18.890
19.771 	 19.771
18.788 	 18.788
18.650 	 18.650
18.536 	 18.536
19.195 	 19.195
l 
-------------------------------------------------------------------------------------------------------------------------------------------------------l------------------------------------------------------------------------------------------------------------------------------------------------
18.719 	 18.719
18.801 	 18.801
18.585 	 18.585
19.478 	 19.478
18.636 	 18.636
18.799 	 18.799
17.873 	 17.873
18.673 	 18.673
18.617 	 18.617
18.818 	 18.818
l 
-------------------------------------------------------------------------------------------------------------------------------------------------------l------------------ -----------------------------------------------------------------------------------------------------------------------------
19.408 	 19.408
19.289 	 19.289
19.818 	 19.818
19.125 	 19.125
19.148 	 19.148
18.996 	 18.996
19.858 	 19.858
19.066 	 19.066
18.422 	 18.422
19.128 	 19.128
l l
-------------------------------------------------------------------------------------------------------------------------------------------------------l------------------ -------------o---------------------------------------------------------------------------------------------------------------
19.011 	 19.011
19.346 	 19.346
20.296 	 20.296
19.250 	 19.250
18.951 	 18.951
18.887 	 18.887
18.792 	 18.792
19.834 	 19.834
19.235 	 19.235
19.365 	 19.365
li w
------------------------------------------------------------------------------------------------------------------------------------------------------lli----------------- -----------w-----------------------------------------------------------------------------------------------------------------
19.149 	 19.149
19.287 	 19.287
18.500 	 18.500
19.134 	 19.134
18.057 	 18.057
19.433 	 19.433
18.132 	 18.132
19.281 	 19.281
17.903 	 17.903
18.230 	 18.230
l mo
-------------------------------------------------------------------------------------------------------------------------------------------------------l------------------ ----------m-o----------------------------------------------------------------------------------------------------------------
18.825 	 18.825
18.540 	 18.540
18.476 	 18.476
18.961 	 18.961
19.146 	 19.146
18.350 	 18.350
18.959 	 18.959
19.305 	 19.305
18.435 	 18.435
17.919 	 17.919
l m
------------------------------------------------------------------------------------------------------------------------------------------------------ll------------------ ----------m------------------------------------------------------------------------------------------------------------------
19.545 	 19.545
18.269 	 18.269
18.660 	 18.660
18.942 	 18.942
18.508 	 18.508
18.269 	 18.269
18.971 	 18.971
18.329 	 18.329
18.691 	 18.691
18.788 	 18.788
l 
-------------------------------------------------------------------------------------------------------------------------------------------------------l------------------ -----------------------------------------------------------------------------------------------------------------------------
18.436 	 18.436
17.927 	 17.927
18.116 	 18.116
18.162 	 18.162
18.914 	 18.914
19.258 	 19.258
18.332 	 18.332
18.713 	 18.713
18.576 	 18.576
18.637 	 18.637
l 
--------------------------------------------------------------------------------------------------------------------------------------------------------------------------------------------------------------------------------------------------------------------------------------------------------/u/zw9ga/.conda/envs/ml/lib/python3.6/site-packages/tensorflow/python/framework/dtypes.py:517: FutureWarning: Passing (type, 1) or '1type' as a synonym of type is deprecated; in a future version of numpy, it will be understood as (type, (1,)) / '(1,)type'.
  _np_qint8 = np.dtype([("qint8", np.int8, 1)])
/u/zw9ga/.conda/envs/ml/lib/python3.6/site-packages/tensorflow/python/framework/dtypes.py:518: FutureWarning: Passing (type, 1) or '1type' as a synonym of type is deprecated; in a future version of numpy, it will be understood as (type, (1,)) / '(1,)type'.
  _np_quint8 = np.dtype([("quint8", np.uint8, 1)])
/u/zw9ga/.conda/envs/ml/lib/python3.6/site-packages/tensorflow/python/framework/dtypes.py:519: FutureWarning: Passing (type, 1) or '1type' as a synonym of type is deprecated; in a future version of numpy, it will be understood as (type, (1,)) / '(1,)type'.
  _np_qint16 = np.dtype([("qint16", np.int16, 1)])
/u/zw9ga/.conda/envs/ml/lib/python3.6/site-packages/tensorflow/python/framework/dtypes.py:520: FutureWarning: Passing (type, 1) or '1type' as a synonym of type is deprecated; in a future version of numpy, it will be understood as (type, (1,)) / '(1,)type'.
  _np_quint16 = np.dtype([("quint16", np.uint16, 1)])
/u/zw9ga/.conda/envs/ml/lib/python3.6/site-packages/tensorflow/python/framework/dtypes.py:521: FutureWarning: Passing (type, 1) or '1type' as a synonym of type is deprecated; in a future version of numpy, it will be understood as (type, (1,)) / '(1,)type'.
  _np_qint32 = np.dtype([("qint32", np.int32, 1)])
/u/zw9ga/.conda/envs/ml/lib/python3.6/site-packages/tensorflow/python/framework/dtypes.py:526: FutureWarning: Passing (type, 1) or '1type' as a synonym of type is deprecated; in a future version of numpy, it will be understood as (type, (1,)) / '(1,)type'.
  np_resource = np.dtype([("resource", np.ubyte, 1)])

19.221 	 19.221
18.917 	 18.917
18.632 	 18.632
19.650 	 19.650
17.775 	 17.775
19.963 	 19.963
18.930 	 18.930
19.384 	 19.384
18.105 	 18.105
19.393 	 19.393
l o
-------------------------------------------------------------------------------------------------------------------------------------------------------------------------- -----------------------------------------------------------------------------------------------------------------------------
18.601 	 18.601
18.906 	 18.906
18.808 	 18.808
17.835 	 17.835
18.650 	 18.650
18.661 	 18.661
18.724 	 18.724
19.324 	 19.324
18.735 	 18.735
18.873 	 18.873
l l
-------------------------------------------------------------------------------------------------------------------------------------------------------l-------------------------------o----------------------------------------------------------------------------------------------------------------
19.090 	 19.090
18.576 	 18.576
19.317 	 19.317
18.410 	 18.410
18.137 	 18.137
18.775 	 18.775
19.394 	 19.394
17.834 	 17.834
18.925 	 18.925
19.811 	 19.811
l e mol
-------------------------------------------------------------------------------------------------------------------------------------------------------------------------- --e-------m-o----------------------------------------------------------------------------------------------------------------
19.251 	 19.251
20.506 	 20.506
18.480 	 18.480
18.535 	 18.535
18.668 	 18.668
19.017 	 19.017
19.093 	 19.093
18.445 	 18.445
18.502 	 18.502
19.059 	 19.059
l mo
-------------------------------------------------------------------------------------------------------------------------------------------------------------------------- ----------m-o----------------------------------------------------------------------------------------------------------------
18.738 	 18.738
19.491 	 19.491
18.114 	 18.114
18.816 	 18.816
18.826 	 18.826
18.422 	 18.422
19.015 	 19.015
18.164 	 18.164
20.086 	 20.086
18.829 	 18.829
l w
-------------------------------------------------------------------------------------------------------------------------------------------------------------------------- -----------w-----------------------------------------------------------------------------------------------------------------
19.803 	 19.803
19.142 	 19.142
18.122 	 18.122
19.343 	 19.343
19.773 	 19.773
19.114 	 19.114
18.559 	 18.559
19.257 	 19.257
19.347 	 19.347
18.813 	 18.813
l wo
-------------------------------------------------------------------------------------------------------------------------------------------------------------------------- -----------w-o---------------------------------------------------------------------------------------------------------------
19.432 	 19.432
19.181 	 19.181
18.638 	 18.638
18.801 	 18.801
18.477 	 18.477
19.063 	 19.063
18.692 	 18.692
18.831 	 18.831
18.078 	 18.078
18.996 	 18.996
l l
-------------------------------------------------------------------------------------------------------------------------------------------------------l------------------ -----------------------------------------------------------------------------------------------------------------------------
18.666 	 18.666
19.327 	 19.327
19.355 	 19.355
19.209 	 19.209
19.925 	 19.925
18.945 	 18.945
19.204 	 19.204
18.077 	 18.077
18.630 	 18.630
18.959 	 18.959
l l
-------------------------------------------------------------------------------------------------------------------------------------------------------l------------------ -----------------------------------------------------------------------------------------------------------------------------
18.235 	 18.235
18.596 	 18.596
18.110 	 18.110
18.926 	 18.926
18.950 	 18.950
18.537 	 18.537
19.198 	 19.198
18.387 	 18.387
18.162 	 18.162
18.945 	 18.945
l 
-------------------------------------------------------------------------------------------------------------------------------------------------------l------------------ -----------------------------------------------------------------------------------------------------------------------------
19.402 	 19.402
18.497 	 18.497
18.893 	 18.893
18.019 	 18.019
19.880 	 19.880
18.832 	 18.832
18.220 	 18.220
18.537 	 18.537
18.966 	 18.966
18.124 	 18.124
l l
-------------------------------------------------------------------------------------------------------------------------------------------------------l------------------ -----------------------------------------------------------------------------------------------------------------------------
19.293 	 19.293
18.410 	 18.410
18.450 	 18.450
19.924 	 19.924
19.203 	 19.203
18.725 	 18.725
19.334 	 19.334
18.939 	 18.939
19.010 	 19.010
18.524 	 18.524
l 
-------------------------------------------------------------------------------------------------------------------------------------------------------------------------- -----------------------------------------------------------------------------------------------------------------------------
19.335 	 19.335
19.620 	 19.620
19.024 	 19.024
19.049 	 19.049
18.267 	 18.267
18.964 	 18.964
18.073 	 18.073
17.918 	 17.918
19.527 	 19.527
19.670 	 19.670
Final distortion 7.555794
