source dB 63.55649948120117

--------------------------------------------------------------------------------------------------------------------------------------------------------------------------------------------------------------------------------------------------------------------------------------------------------
168.033 	 168.033
129.816 	 129.816
70.653 	 70.653
95.058 	 95.058
99.714 	 99.714
63.924 	 63.924
62.082 	 62.082
56.414 	 56.414
55.800 	 55.800
49.880 	 49.880
 in t luth
---------------------------------------------i-n-------------------- -l-u------------------------------------------------------------------------------------------------------------------------------------------------------------------------------------------------------th-----------------------
44.612 	 44.612
39.138 	 39.138
41.014 	 41.014
39.163 	 39.163
39.079 	 39.079
31.814 	 31.814
28.964 	 28.964
28.180 	 28.180
25.828 	 25.828
24.454 	 24.454
i cannic bluetooth
------------------------------------i----- -ca-n-n-i--------t-------bllu---------------------------------------------------------------------------------------------------------------------------------------------------t-o-------------------------------------------------th-----------------------
21.519 	 21.519
19.775 	 19.775
20.121 	 20.121
16.765 	 16.765
19.319 	 19.319
14.487 	 14.487
11.913 	 11.913
10.743 	 10.743
10.267 	 10.267
8.050 	 8.050
is connect bluetooth
------------------------------------i---s- c-o-n-n-e--c----t----- -bll-u--ee-----------------------------------------------------------------------------------------------------------------------------------------------t-o---------------------------------o---------------th-----------------------
7.992 	 7.992
7.088 	 7.088
6.114 	 6.114
4.960 	 4.960
3.963 	 3.963
4.261 	 4.261
3.889 	 3.889
3.091 	 3.091
4.150 	 4.150
3.066 	 3.066
disconnect bluetooth
------------------------------d-----i---s--c-o-n-n-e--c----t----  -bll-u--ee-----------------------------------------------------------------------------------------------------------------------------------------------t-o-------------------------------o-----------------th-----------------------
2.435 	 2.435
Worked i=0 ctcloss=2.434791 bound=1600.000024
2.250 	 2.250
2.194 	 2.194
2.003 	 2.003
2.624 	 2.624
2.564 	 2.564
2.538 	 2.538
2.044 	 2.044
1.678 	 1.678
1.569 	 1.569
disconnect bluetooth
------------------------------d-----i---s--c-o-n-ne--cc----t----  -bll-u--ee-----------------------------------------------------------------------------------------------------------------------------------------------t-o-------------------------------o-----------------th-----------------------
1.515 	 1.515
Worked i=0 ctcloss=1.514541 bound=1280.000091
1.675 	 1.675
1.423 	 1.423
1.472 	 1.472
1.202 	 1.202
1.121 	 1.121
1.175 	 1.175
0.999 	 0.999
0.900 	 0.900
0.783 	 0.783
disconnect bluetooth
------------------------------d-----i---s--c-o-n-ne--cc----t---  bblll-u--ee-----------------------------------------------------------------------------------------------------------------------------------------------t-o------------------------------o------------------th-----------------------
0.783 	 0.783
Worked i=0 ctcloss=0.783106 bound=1024.000049
0.819 	 0.819
0.772 	 0.772
0.908 	 0.908
0.632 	 0.632
0.485 	 0.485
0.701 	 0.701
0.589 	 0.589
0.492 	 0.492
0.479 	 0.479
disconnect bluetooth
------------------------------dd----i--ss--c-o-n-ne---c----t----  bll--u--ee-----------------------------------------------------------------------------------------------------------------------------------------------t-o------------------------------o------------------th-----------------------
0.404 	 0.404
Worked i=0 ctcloss=0.404034 bound=819.200039
0.478 	 0.478
0.434 	 0.434
0.361 	 0.361
0.399 	 0.399
0.304 	 0.304
0.263 	 0.263
0.256 	 0.256
0.213 	 0.213
0.220 	 0.220
disconnect bluetooth
------------------------------dd----i--ss--c-o-n-ne---c----t----  bll--u--ee-----------------------------------------------------------------------------------------------------------------------------------------------t-o------------------------------o------------------th-----------------------
0.178 	 0.178
Worked i=0 ctcloss=0.178436 bound=655.360043
0.248 	 0.248
0.222 	 0.222
0.227 	 0.227
0.173 	 0.173
0.186 	 0.186
0.152 	 0.152
0.127 	 0.127
0.121 	 0.121
0.114 	 0.114
disconnect bluetooth
------------------------------dd----i--ss--c-o-n-ne---c----t----  bll--u--ee-----------------------------------------------------------------------------------------------------------------------------------------------t-o------------------------------o------------------th-----------------------
0.124 	 0.124
Worked i=0 ctcloss=0.123720 bound=524.288058
0.195 	 0.195
0.188 	 0.188
0.145 	 0.145
0.118 	 0.118
0.102 	 0.102
0.098 	 0.098
0.090 	 0.090
0.096 	 0.096
0.090 	 0.090
disconnect bluetooth
------------------------------dd----i--ss---co-n-ne--cc----t----  bll--u--ee-----------------------------------------------------------------------------------------------------------------------------------------------t-o------------------------------o------------------th-----------------------
0.083 	 0.083
Worked i=0 ctcloss=0.082515 bound=419.430465
0.184 	 0.184
0.153 	 0.153
0.970 	 0.970
0.709 	 0.709
0.459 	 0.459
0.246 	 0.246
0.212 	 0.212
0.178 	 0.178
0.218 	 0.218
disconnect bluetooth
------------------------------dd----i--ss---co-n-ne---c----t----  bll--u--ee-----------------------------------------------------------------------------------------------------------------------------------------------t-o-------------------------------o-----------------th-----------------------
0.188 	 0.188
Worked i=0 ctcloss=0.187640 bound=335.544378
0.340 	 0.340
0.201 	 0.201
0.199 	 0.199
0.156 	 0.156
0.135 	 0.135
0.113 	 0.113
0.107 	 0.107
0.095 	 0.095
0.087 	 0.087
disconnect bluetooth
------------------------------dd----i--ss---co-n-ne---c----t----  bll--u--ee-----------------------------------------------------------------------------------------------------------------------------------------------t-o-------------------------------o-----------------th-----------------------
0.077 	 0.077
Worked i=0 ctcloss=0.076957 bound=268.435508
0.260 	 0.260
0.222 	 0.222
0.155 	 0.155
0.144 	 0.144
0.127 	 0.127
0.108 	 0.108
0.087 	 0.087
0.106 	 0.106
0.086 	 0.086
disconnect bluetooth
------------------------------dd----i--ss---co-n-ne---c----t----  bll--u--ee-----------------------------------------------------------------------------------------------------------------------------------------------t-o-------------------------------o-----------------th-----------------------
0.074 	 0.074
Worked i=0 ctcloss=0.074220 bound=214.748412
0.761 	 0.761
0.309 	 0.309
0.168 	 0.168
0.170 	 0.170
0.163 	 0.163
0.118 	 0.118
0.121 	 0.121
0.110 	 0.110
0.091 	 0.091
disconnect bluetooth
------------------------------dd----i--ss---co-n-ne---c----t----  bll--u--ee-----------------------------------------------------------------------------------------------------------------------------------------------t-o-------------------------------o-----------------th-----------------------
0.105 	 0.105
Worked i=0 ctcloss=0.104842 bound=171.798736
0.804 	 0.804
0.260 	 0.260
0.246 	 0.246
0.178 	 0.178
0.153 	 0.153
0.135 	 0.135
0.116 	 0.116
0.114 	 0.114
0.100 	 0.100
disconnect bluetooth
------------------------------dd----i--ss---co-n-ne---c----t----  bll--u--ee-----------------------------------------------------------------------------------------------------------------------------------------------t-o-------------------------------o-----------------th-----------------------
0.099 	 0.099
Worked i=0 ctcloss=0.098944 bound=137.438998
0.779 	 0.779
0.422 	 0.422
0.325 	 0.325
0.264 	 0.264
0.202 	 0.202
0.179 	 0.179
0.153 	 0.153
0.132 	 0.132
0.122 	 0.122
disconnect bluetooth
------------------------------dd----i--ss---co-n-ne--cc----t----  bll--u--ee-----------------------------------------------------------------------------------------------------------------------------------------------t-o-------------------------------o-----------------th-----------------------
0.107 	 0.107
Worked i=0 ctcloss=0.107138 bound=109.951198
3.706 	 3.706
1.337 	 1.337
0.688 	 0.688
0.503 	 0.503
0.363 	 0.363
0.334 	 0.334
0.290 	 0.290
0.253 	 0.253
0.226 	 0.226
disconnect bluetooth
------------------------------dd----i-ss----co-n-ne---c----t----  bll-u--ee------------------------------------------------------------------------------------------------------------------------------------------------t-o-------------------------------o-----------------th-----------------------
0.186 	 0.186
Worked i=0 ctcloss=0.186077 bound=87.960958
1.718 	 1.718
3.671 	 3.671
2.210 	 2.210
0.862 	 0.862
0.846 	 0.846
0.677 	 0.677
0.611 	 0.611
0.705 	 0.705
1.460 	 1.460
disconnect bluetooth
------------------------------dd-----iss----co-n-ne--c-----t----  bll--u--ee-----------------------------------------------------------------------------------------------------------------------------------------------t-o-------------------------------o-----------------th-----------------------
1.181 	 1.181
Worked i=0 ctcloss=1.180911 bound=70.368767
14.053 	 14.053
13.359 	 13.359
10.095 	 10.095
5.237 	 5.237
5.093 	 5.093
5.719 	 5.719
4.040 	 4.040
2.966 	 2.966
2.293 	 2.293
disconnect bluetooth
------------------------------dd----i-ss---cco-n-n-e--c----t----  -bll-u--ee-----------------------------------------------------------------------------------------------------------------------------------------------t-o-------------------------------o-----------------th-----------------------
1.959 	 1.959
Worked i=0 ctcloss=1.958932 bound=56.295015
18.852 	 18.852
10.207 	 10.207
8.645 	 8.645
7.368 	 7.368
5.885 	 5.885
4.908 	 4.908
4.472 	 4.472
3.344 	 3.344
2.895 	 2.895
disconnect bluetooth
-------------------------------d----i-s-----c-on--ne--c----t---- -bll--u--ee-----------------------------------------------------------------------------------------------------------------------------------------------t-o-------------------------------o-----------------th-----------------------
2.274 	 2.274
Worked i=0 ctcloss=2.274475 bound=45.036014
30.787 	 30.787
23.986 	 23.986
15.081 	 15.081
6.903 	 6.903
7.710 	 7.710
7.719 	 7.719
7.041 	 7.041
4.853 	 4.853
4.477 	 4.477
isconnect bluetooth
------------------------------------i-s-----c-on--ne--c----t----  bll--u--ee-----------------------------------------------------------------------------------------------------------------------------------------------t-o-------------------------------o-----------------th-----------------------
4.334 	 4.334
4.325 	 4.325
3.545 	 3.545
2.755 	 2.755
2.937 	 2.937
2.548 	 2.548
3.370 	 3.370
3.003 	 3.003
2.553 	 2.553
2.323 	 2.323
disconnect bluetooth
-------------------------------d----i-s-----c-on--n-ecc----t----  -bll-u--ee-----------------------------------------------------------------------------------------------------------------------------------------------t-o-------------------------------o-----------------th-----------------------
2.288 	 2.288
Worked i=0 ctcloss=2.287633 bound=36.028814
23.359 	 23.359
13.391 	 13.391
9.159 	 9.159
7.267 	 7.267
6.374 	 6.374
7.033 	 7.033
6.870 	 6.870
6.130 	 6.130
6.136 	 6.136
disconnecte bluetooth
-------------------------------d----iss-----c-o-n-n-ec----t-e---  -bll-u--ee-----------------------------------------------------------------------------------------------------------------------------------------------t-o--------------------------------o----------------th-----------------------
5.415 	 5.415
4.773 	 4.773
3.958 	 3.958
3.906 	 3.906
3.284 	 3.284
3.611 	 3.611
4.090 	 4.090
4.026 	 4.026
3.178 	 3.178
2.746 	 2.746
disconnect bluetooth
-------------------------------d----i-ss----c-o-n-nne-c----t----  -bll-u--ee-----------------------------------------------------------------------------------------------------------------------------------------------t-o-------------------------------o-----------------th-----------------------
2.491 	 2.491
Worked i=0 ctcloss=2.491057 bound=28.823052
46.491 	 46.491
35.578 	 35.578
13.708 	 13.708
8.058 	 8.058
6.614 	 6.614
6.942 	 6.942
6.736 	 6.736
5.437 	 5.437
4.235 	 4.235
disconnect bluetooth
------------------------------------i-s-----c-o-n--ne-c-tt------  -bll-u--ee-----------------------------------------------------------------------------------------------------------------------------------------------t-o-------------------------------o-----------------th-----------------------
4.611 	 4.611
Worked i=0 ctcloss=4.610652 bound=23.058442
71.470 	 71.470
57.829 	 57.829
40.481 	 40.481
22.412 	 22.412
17.516 	 17.516
16.295 	 16.295
13.692 	 13.692
10.632 	 10.632
9.481 	 9.481
dis conect bluetooth
------------------------------------iiss-----c-o-n----ecct------- -bbl-u---e------------------------------------------------------------------------------------------------------------------------------------------------t-o------------------------------o-----------------th-----------------------
7.024 	 7.024
6.029 	 6.029
6.074 	 6.074
5.275 	 5.275
6.120 	 6.120
5.253 	 5.253
4.594 	 4.594
4.501 	 4.501
4.520 	 4.520
3.762 	 3.762
disconnect bluetooth
-------------------------------d----i-s-----c-o-n--n-e-ctt------  -bll-u--ee-----------------------------------------------------------------------------------------------------------------------------------------------t-o-------------------------------o-----------------th-----------------------
3.169 	 3.169
Worked i=0 ctcloss=3.168735 bound=18.446755
28.372 	 28.372
24.922 	 24.922
16.342 	 16.342
14.922 	 14.922
11.959 	 11.959
11.739 	 11.739
9.987 	 9.987
9.957 	 9.957
9.239 	 9.239
disconnect bluetoth
------------------------------------i-ss-----c-o-n--n-ec-t------  -bll-u---e------------------------------------------------------------------------------------------------------------------------------------------------t-o------------------------------------------------th-----------------------
8.241 	 8.241
7.512 	 7.512
6.701 	 6.701
6.170 	 6.170
5.625 	 5.625
5.278 	 5.278
5.115 	 5.115
4.570 	 4.570
4.441 	 4.441
4.310 	 4.310
disconnect bluetooth
-------------------------------d----i-s-----c-o-n--n-e-ctt------  -bll-u---e------------------------------------------------------------------------------------------------------------------------------------------------t-o--------------------------------o---------------th-----------------------
4.196 	 4.196
Worked i=0 ctcloss=4.196156 bound=14.757404
57.802 	 57.802
35.662 	 35.662
31.130 	 31.130
19.000 	 19.000
17.102 	 17.102
15.194 	 15.194
14.067 	 14.067
12.597 	 12.597
10.616 	 10.616
disconnect bluetooth
------------------------------------i-ss----c--o-n--nec-t-------- -bll-uu--e------------------------------------------------------------------------------------------------------------------------------------------------t-o--------------------------------o---------------th-----------------------
9.678 	 9.678
Worked i=0 ctcloss=9.677840 bound=11.805924
114.733 	 114.733
108.422 	 108.422
108.287 	 108.287
85.236 	 85.236
65.311 	 65.311
47.680 	 47.680
37.077 	 37.077
32.451 	 32.451
30.512 	 30.512
is conect bluetoth
------------------------------------i--ss-- -c-o-n----ec--------- -bl--u---e------------------------------------------------------------------------------------------------------------------------------------------------t-o------------------------------------------------th-----------------------
25.964 	 25.964
22.169 	 22.169
21.033 	 21.033
19.543 	 19.543
17.926 	 17.926
18.455 	 18.455
17.296 	 17.296
15.598 	 15.598
15.248 	 15.248
14.330 	 14.330
is connecte bluetoth
------------------------------------i--s--- -c-o-n---e-ctt---e---  -bll-u--e------------------------------------------------------------------------------------------------------------------------------------------------t-o------------------------------------------------th-----------------------
13.455 	 13.455
13.245 	 13.245
13.227 	 13.227
12.905 	 12.905
12.410 	 12.410
11.295 	 11.295
10.745 	 10.745
10.497 	 10.497
9.700 	 9.700
9.646 	 9.646
disconnect bluetoth
------------------------------------i-ss-----c-o-n--ne-ct--------  -bllu---e------------------------------------------------------------------------------------------------------------------------------------------------t-o------------------------------------------------th-----------------------
9.281 	 9.281
9.498 	 9.498
9.224 	 9.224
8.949 	 8.949
8.430 	 8.430
8.306 	 8.306
8.351 	 8.351
7.590 	 7.590
7.394 	 7.394
7.074 	 7.074
isconnect bluetooth
------------------------------------i-ss-----c-o-n--n-ecct-------  -bllu---e------------------------------------------------------------------------------------------------------------------------------------------------t-o----------------------------------o-------------th-----------------------
7.190 	 7.190
6.862 	 6.862
6.379 	 6.379
6.582 	 6.582
6.430 	 6.430
6.126 	 6.126
5.969 	 5.969
6.003 	 6.003
6.029 	 6.029
5.865 	 5.865
isconnect bluetooth
-------------------------------------iss-----c-o-n--n-ecct-------  -bll-u--e------------------------------------------------------------------------------------------------------------------------------------------------t-o---------------------------------o--------------th-----------------------
5.646 	 5.646
5.434 	 5.434
5.462 	 5.462
5.190 	 5.190
5.253 	 5.253
4.850 	 4.850
4.797 	 4.797
4.987 	 4.987
4.968 	 4.968
4.925 	 4.925
disconnect bluetooth
-------------------------------------iss-----c-o-n--n-ectt-------  -bll-u--e------------------------------------------------------------------------------------------------------------------------------------------------t-o----------------------------------o-------------th-----------------------
4.804 	 4.804
Worked i=0 ctcloss=4.803722 bound=9.444739
111.362 	 111.362
110.003 	 110.003
96.240 	 96.240
91.032 	 91.032
80.601 	 80.601
64.395 	 64.395
43.771 	 43.771
42.167 	 42.167
26.686 	 26.686
ndis conec lto
------------------------------nd-----is----- c-o-n----ec-----------b--------------------------------------------------------------------------------------------------------------------------------------------------------t-o-------------------------------------------------------------------------
24.778 	 24.778
24.704 	 24.704
23.213 	 23.213
20.643 	 20.643
20.976 	 20.976
21.065 	 21.065
22.114 	 22.114
18.623 	 18.623
16.891 	 16.891
16.879 	 16.879
ndis conect bluetooth
------------------------------n------i------ -c-onn---ec--------- -b-llu---e------------------------------------------------------------------------------------------------------------------------------------------------t-o---------------------------------o--------------th-----------------------
16.458 	 16.458
17.496 	 17.496
16.464 	 16.464
14.981 	 14.981
16.949 	 16.949
15.622 	 15.622
14.834 	 14.834
15.324 	 15.324
13.302 	 13.302
13.183 	 13.183
dis connecte bluetooth
-------------------------------------iss--- -c-o-n--n-ectt---e---  -bllu---e------------------------------------------------------------------------------------------------------------------------------------------------t-o---------------------------------o--------------th-----------------------
12.378 	 12.378
12.628 	 12.628
11.266 	 11.266
11.354 	 11.354
11.333 	 11.333
10.458 	 10.458
11.753 	 11.753
11.556 	 11.556
10.652 	 10.652
10.671 	 10.671
is connect bluetooth
-------------------------------------i-s-----c-o-n--n-ectt-------  -bllu---e------------------------------------------------------------------------------------------------------------------------------------------------t-o---------------------------------o--------------th-----------------------
10.350 	 10.350
9.716 	 9.716
9.978 	 9.978
9.983 	 9.983
10.255 	 10.255
9.506 	 9.506
9.281 	 9.281
9.786 	 9.786
8.882 	 8.882
9.494 	 9.494
dis connect bluetooth
-------------------------------------iss--- -c-o-n--n-ectt-------- -bll-u--e------------------------------------------------------------------------------------------------------------------------------------------------t-o----------------------------------o-------------th-----------------------
8.965 	 8.965
8.838 	 8.838
8.534 	 8.534
8.577 	 8.577
8.116 	 8.116
8.554 	 8.554
8.555 	 8.555
9.091 	 9.091
8.250 	 8.250
8.175 	 8.175
dis connect bluetooth
-------------------------------------i-------c-o-n--n-ectt-------- -blluu--e------------------------------------------------------------------------------------------------------------------------------------------------t-o---------------------------------o--------------th-----------------------
8.107 	 8.107
7.938 	 7.938
8.634 	 8.634
8.402 	 8.402
7.725 	 7.725
7.896 	 7.896
8.073 	 8.073
8.317 	 8.317
8.405 	 8.405
8.870 	 8.870
isconnect bluetooth
-------------------------------------iss-----c-o-n--n-ectt-------  -bllu---e------------------------------------------------------------------------------------------------------------------------------------------------t-o----------------------------------o-------------th-----------------------
7.814 	 7.814
8.182 	 8.182
7.993 	 7.993
8.509 	 8.509
7.936 	 7.936
8.460 	 8.460
8.005 	 8.005
7.655 	 7.655
8.004 	 8.004
7.913 	 7.913
dis connect bluetooth
-------------------------------------iss--- -c-o-n--n-ectt-------  -bllu---e------------------------------------------------------------------------------------------------------------------------------------------------t-o---------------------------------o--------------th-----------------------
7.357 	 7.357
7.293 	 7.293
7.552 	 7.552
8.151 	 8.151
7.773 	 7.773
8.017 	 8.017
7.063 	 7.063
7.847 	 7.847
7.092 	 7.092
8.786 	 8.786
disconnect bluetooth
-------------------------------------iss-----c-o-n--n-ectt-------  -bll-u--e------------------------------------------------------------------------------------------------------------------------------------------------t-o----------------------------------o-------------th-----------------------
7.391 	 7.391
Worked i=0 ctcloss=7.390539 bound=7.555791
127.359 	 127.359
125.164 	 125.164
127.561 	 127.561
123.361 	 123.361
119.081 	 119.081
113.636 	 113.636
112.961 	 112.961
111.258 	 111.258
107.465 	 107.465

--------------------------------------------------------------------------------------------------------------------------------------------------------------------------------------------------------------------------------------------------------------------------------------------------------
98.755 	 98.755
92.784 	 92.784
89.962 	 89.962
85.247 	 85.247
74.965 	 74.965
73.907 	 73.907
68.203 	 68.203
63.393 	 63.393
65.176 	 65.176
62.529 	 62.529
n cono
------------------------------n------------- -c-o-n-----------------------------------------------------------------------------------------------------------------------------------------------------------------------------------------------------------------------------------------------------
58.311 	 58.311
51.708 	 51.708
51.479 	 51.479
48.889 	 48.889
49.987 	 49.987
50.295 	 50.295
48.567 	 48.567
45.834 	 45.834
48.080 	 48.080
48.072 	 48.072
nd con  to
------------------------------n------------- -c-o-n-------------------------------------------------------------------------------------------------------------------------------------------------------------------------t-o-------------------------------------------------------------------------
47.560 	 47.560
44.218 	 44.218
45.791 	 45.791
45.190 	 45.190
41.398 	 41.398
40.939 	 40.939
41.785 	 41.785
41.915 	 41.915
42.216 	 42.216
39.950 	 39.950
and coneto
-----------------------------and------------ -c-o-n----e--------------------------------------------------------------------------------------------------------------------------------------------------------------------t-o-------------------------------------------------------------------------
39.991 	 39.991
40.979 	 40.979
38.062 	 38.062
37.772 	 37.772
38.291 	 38.291
37.303 	 37.303
36.591 	 36.591
36.810 	 36.810
36.147 	 36.147
35.416 	 35.416
ndis conecito
------------------------------nd-----i------ -c-o-n----ec----i--------------------------------------------------------------------------------------------------------------------------------------------------------------t-o-------------------------------------------------------------------------
35.135 	 35.135
36.394 	 36.394
35.539 	 35.539
34.121 	 34.121
34.046 	 34.046
34.807 	 34.807
34.507 	 34.507
34.070 	 34.070
33.340 	 33.340
34.216 	 34.216
ndis conectitoo
------------------------------n------i------ -c-o-n---e-c----i--------------------------------------------------------------------------------------------------------------------------------------------------------------t-o-------------------------------------------------------------------------
35.801 	 35.801
36.785 	 36.785
35.051 	 35.051
35.064 	 35.064
31.311 	 31.311
33.052 	 33.052
31.791 	 31.791
31.543 	 31.543
32.377 	 32.377
31.456 	 31.456
ndis coneci to
------------------------------n------is----- -c-o-n---ec-----i--------------------------------------------------------------------------------------------------------------------------------------------------------------t-o-------------------------------------------------------------------------
35.186 	 35.186
31.554 	 31.554
30.033 	 30.033
30.586 	 30.586
31.270 	 31.270
30.338 	 30.338
30.035 	 30.035
29.997 	 29.997
29.035 	 29.035
28.237 	 28.237
ndis conecti too
------------------------------n------i------ -c-o-n---e-c----i--------------------------------------------------------------------------------------------------------------------------------------------------------------t-o---------------------------------o---------------------------------------
29.094 	 29.094
27.632 	 27.632
27.281 	 27.281
29.302 	 29.302
27.848 	 27.848
27.335 	 27.335
27.103 	 27.103
26.444 	 26.444
28.170 	 28.170
27.483 	 27.483
ndis conecte to
------------------------------nd-----is----- -c-o-n---ec-----e--------------------------------------------------------------------------------------------------------------------------------------------------------------t-o-------------------------------------------------------------------------
26.931 	 26.931
27.352 	 27.352
27.138 	 27.138
27.384 	 27.384
25.788 	 25.788
24.886 	 24.886
24.905 	 24.905
28.391 	 28.391
26.053 	 26.053
24.346 	 24.346
ndis conecte luetoo
------------------------------nd-----is----- -c-o-n---ec-----e---- -bl-u----------------------------------------------------------------------------------------------------------------------------------------------------t-o---------------------------------o---------------------------------------
23.480 	 23.480
24.792 	 24.792
25.199 	 25.199
24.756 	 24.756
27.291 	 27.291
26.074 	 26.074
24.494 	 24.494
25.685 	 25.685
25.078 	 25.078
23.719 	 23.719
ndis conecte luto
------------------------------n------i------ -c-o-n----ec----e---- ---------------------------------------------------------------------------------------------------------------------------------------------------------t-o-------------------------------------------------------------------------
24.470 	 24.470
24.450 	 24.450
27.089 	 27.089
22.336 	 22.336
25.251 	 25.251
24.765 	 24.765
23.370 	 23.370
24.654 	 24.654
24.697 	 24.697
24.407 	 24.407
ndis conecte bluetoo
------------------------------nd-----is----- -c-o-n---ec-----e--- --bl-u---e------------------------------------------------------------------------------------------------------------------------------------------------t-o----------------------------------o--------------------------------------
23.327 	 23.327
22.972 	 22.972
23.776 	 23.776
24.153 	 24.153
23.722 	 23.722
24.391 	 24.391
26.340 	 26.340
24.802 	 24.802
23.829 	 23.829
23.790 	 23.790
ndis conec lto
-------------------------------n-----i------ -c-o-n----ec-------------------------------------------------------------------------------------------------------------------------------------------------------------------t-o-------------------------------------------------------------------------
23.602 	 23.602
24.208 	 24.208
26.476 	 26.476
22.231 	 22.231
21.729 	 21.729
24.677 	 24.677
24.467 	 24.467
27.179 	 27.179
23.640 	 23.640
25.836 	 25.836
ni conecte luetoo
-------------------------------n-----i------ -c-o-n---e-c----e---- ---l-----------------------------------------------------------------------------------------------------------------------------------------------------t-o---------------------------------o---------------------------------------
25.140 	 25.140
25.231 	 25.231
22.947 	 22.947
24.164 	 24.164
24.806 	 24.806
22.672 	 22.672
23.190 	 23.190
22.450 	 22.450
23.506 	 23.506
22.743 	 22.743
nd conecte ltoo
-------------------------------nd----------- -c-o-n---ecc----e---- ---------------------------------------------------------------------------------------------------------------------------------------------------------t-o---------------------------------o---------------------------------------
22.097 	 22.097
22.873 	 22.873
25.471 	 25.471
23.627 	 23.627
24.315 	 24.315
24.121 	 24.121
22.817 	 22.817
26.142 	 26.142
22.982 	 22.982
21.979 	 21.979
n conecte blueto
-------------------------------n------------ -c-o-n---ec-----e--- --bl-u---e------------------------------------------------------------------------------------------------------------------------------------------------t-o-------------------------------------------------------------------------
22.320 	 22.320
24.644 	 24.644
23.853 	 23.853
23.651 	 23.651
23.230 	 23.230
23.145 	 23.145
22.911 	 22.911
22.934 	 22.934
24.035 	 24.035
22.335 	 22.335
ndis conecte lutoo
-------------------------------n-----i------ -c-o-n---e-c----e---- --llu----------------------------------------------------------------------------------------------------------------------------------------------------t-o----------------------------------o--------------------------------------
23.872 	 23.872
22.173 	 22.173
23.529 	 23.529
23.359 	 23.359
22.702 	 22.702
22.278 	 22.278
21.763 	 21.763
25.052 	 25.052
28.314 	 28.314
26.733 	 26.733
ni conecte to
-------------------------------n-----i------ -c-o-n----ec----e--------------------------------------------------------------------------------------------------------------------------------------------------------------t-o-------------------------------------------------------------------------
21.947 	 21.947
25.186 	 25.186
23.568 	 23.568
23.344 	 23.344
23.071 	 23.071
23.407 	 23.407
23.070 	 23.070
25.273 	 25.273
24.077 	 24.077
21.962 	 21.962
ndis conecte blueto
------------------------------n------is----- -c-o-n---ec-----e------bllu---e------------------------------------------------------------------------------------------------------------------------------------------------t-o-------------------------------------------------------------------------
23.977 	 23.977
22.644 	 22.644
23.747 	 23.747
21.611 	 21.611
24.454 	 24.454
24.393 	 24.393
23.054 	 23.054
23.627 	 23.627
21.958 	 21.958
25.833 	 25.833
ndis conecte blueto
------------------------------nd-----i------ -c-o-n---ec-----e--- --bl-u---e------------------------------------------------------------------------------------------------------------------------------------------------t-o-------------------------------------------------------------------------
23.829 	 23.829
23.801 	 23.801
22.640 	 22.640
22.359 	 22.359
21.525 	 21.525
23.733 	 23.733
22.156 	 22.156
22.991 	 22.991
21.217 	 21.217
25.449 	 25.449
ni conecte luto
-------------------------------n-----i------ -c-o-n---ec-----e-------l-u----------------------------------------------------------------------------------------------------------------------------------------------------t-o-------------------------------------------------------------------------
24.362 	 24.362
23.636 	 23.636
24.300 	 24.300
23.677 	 23.677
26.651 	 26.651
23.680 	 23.680
21.527 	 21.527
22.445 	 22.445
24.028 	 24.028
22.882 	 22.882
ni conecte lotoo
-------------------------------n-----i------ -c-o-n---ecc----e---- --bl-o---------------------------------------------------------------------------------------------------------------------------------------------------t-o-------------------------------------------------------------------------
22.815 	 22.815
22.965 	 22.965
22.765 	 22.765
23.576 	 23.576
24.141 	 24.141
23.865 	 23.865
24.076 	 24.076
20.678 	 20.678
22.217 	 22.217
24.426 	 24.426
ndis conecte bluetoo
-------------------------------n-----i------ -c-o-n---ec-----e--- -b-l-u---e------------------------------------------------------------------------------------------------------------------------------------------------t-o----------------------------------o--------------------------------------
24.057 	 24.057
21.832 	 21.832
25.509 	 25.509
22.356 	 22.356
22.469 	 22.469
21.940 	 21.940
22.867 	 22.867
24.147 	 24.147
21.595 	 21.595
22.768 	 22.768
ndi conecte bluetoo
-------------------------------n-----i------ -c-o-n---ec-----e--- --bllu---e------------------------------------------------------------------------------------------------------------------------------------------------t-o---------------------------------o---------------------------------------
22.819 	 22.819
22.413 	 22.413
22.354 	 22.354
22.144 	 22.144
21.990 	 21.990
24.220 	 24.220
22.910 	 22.910
23.034 	 23.034
22.676 	 22.676
23.987 	 23.987
nis conecte luetoo
-------------------------------------i------ -c-o-n---e-c----e---- --llu----------------------------------------------------------------------------------------------------------------------------------------------------t-o---------------------------------o---------------------------------------
21.415 	 21.415
20.909 	 20.909
22.707 	 22.707
22.057 	 22.057
22.546 	 22.546
22.095 	 22.095
22.395 	 22.395
22.789 	 22.789
23.345 	 23.345
22.025 	 22.025
ndis conecte bluetoo
------------------------------n------is----- -c-o-n---ec-----e--- --bl-u----------------------------------------------------------------------------------------------------------------------------------------------------t-o---------------------------------o---------------t-----------------------
24.725 	 24.725
22.399 	 22.399
23.231 	 23.231
30.326 	 30.326
22.764 	 22.764
22.088 	 22.088
21.240 	 21.240
22.201 	 22.201
22.873 	 22.873
24.166 	 24.166
nis conecte luetoo
-------------------------------n-----is----- -c-o-n---ec-----e--- --bl-u----------------------------------------------------------------------------------------------------------------------------------------------------t-o---------------------------------o---------------------------------------
21.879 	 21.879
23.191 	 23.191
22.174 	 22.174
25.689 	 25.689
22.088 	 22.088
22.734 	 22.734
24.782 	 24.782
22.242 	 22.242
22.026 	 22.026
21.991 	 21.991
nd conecte bluetoo
------------------------------n------i------ -c-o-n---ecc----e---- --bl-u--e------------------------------------------------------------------------------------------------------------------------------------------------t-o-------------------------------------------------------------------------
22.408 	 22.408
22.268 	 22.268
24.238 	 24.238
22.819 	 22.819
21.837 	 21.837
23.699 	 23.699
24.378 	 24.378
22.772 	 22.772
22.449 	 22.449
23.046 	 23.046
n conec lto
-------------------------------n------------ -c-o-n---ec--------------------------------------------------------------------------------------------------------------------------------------------------------------------t-o-------------------------------------------------------------------------
21.974 	 21.974
24.446 	 24.446
22.842 	 22.842
22.779 	 22.779
23.334 	 23.334
22.817 	 22.817
23.311 	 23.311
22.134 	 22.134
24.742 	 24.742
21.792 	 21.792
ni conecte blueto
-------------------------------n-----i------ -c-o-n---ec-----e--- --bllu---e------------------------------------------------------------------------------------------------------------------------------------------------t-o---------------------------------o---------------------------------------
22.609 	 22.609
22.879 	 22.879
23.902 	 23.902
23.852 	 23.852
23.214 	 23.214
22.330 	 22.330
22.731 	 22.731
22.674 	 22.674
25.054 	 25.054
22.725 	 22.725
ndis conecte bluetoo
------------------------------nd-----is----  -c-o-n---ecct---e---- --bl-o---------------------------------------------------------------------------------------------------------------------------------------------------t-o---------------------------------o---------------------------------------
23.265 	 23.265
22.553 	 22.553
23.551 	 23.551
23.163 	 23.163
21.996 	 21.996
24.742 	 24.742
24.121 	 24.121
22.347 	 22.347
22.289 	 22.289
23.181 	 23.181
ndis conecte luetoo
-------------------------------nd----i------ -c-o-n---ec-----e---- --llu---e------------------------------------------------------------------------------------------------------------------------------------------------t-o-------------------------------------------------------------------------
21.881 	 21.881
21.935 	 21.935
22.502 	 22.502
24.903 	 24.903
23.860 	 23.860
22.227 	 22.227
22.075 	 22.075
22.537 	 22.537
23.855 	 23.855
23.578 	 23.578
nis conecte bluetoo
-------------------------------n-----is----- -c-o-n---ec-----e--- --bl-u---e------------------------------------------------------------------------------------------------------------------------------------------------t-o----------------------------------o--------------------------------------
23.931 	 23.931
21.727 	 21.727
24.230 	 24.230
23.065 	 23.065
22.458 	 22.458
23.017 	 23.017
21.226 	 21.226
22.696 	 22.696
21.984 	 21.984
21.835 	 21.835
ndis conecte lutoo
------------------------------n------is----- -c-o-n---ec-----e---- ---l-u---------------------------------------------------------------------------------------------------------------------------------------------------t-o---------------------------------o---------------------------------------
22.433 	 22.433
21.888 	 21.888
23.083 	 23.083
24.419 	 24.419
22.563 	 22.563
22.076 	 22.076
21.772 	 21.772
23.698 	 23.698
22.543 	 22.543
21.430 	 21.430
ndis conecte bluetoo
-------------------------------nd----i------ -c-o-n---ecc----e---- -bllu---e------------------------------------------------------------------------------------------------------------------------------------------------t-o---------------------------------o---------------------------------------
22.421 	 22.421
22.081 	 22.081
23.091 	 23.091
21.569 	 21.569
22.180 	 22.180
22.788 	 22.788
23.263 	 23.263
22.390 	 22.390
22.043 	 22.043
22.123 	 22.123
ndis conecte blueto
-------------------------------n-----is----- -c-o-n---ec-----e--- --bl-u---e------------------------------------------------------------------------------------------------------------------------------------------------t-o-------------------------------------------------------------------------
23.017 	 23.017
24.225 	 24.225
22.895 	 22.895
22.070 	 22.070
24.298 	 24.298
25.016 	 25.016
21.281 	 21.281
22.637 	 22.637
21.541 	 21.541
22.272 	 22.272
ndis conecte luetoo
------------------------------n------i------ -c-o-n---ec-----e---- ---l-u--e------------------------------------------------------------------------------------------------------------------------------------------------t-o---------------------------------o---------------------------------------
22.656 	 22.656
23.170 	 23.170
21.585 	 21.585
21.745 	 21.745
25.026 	 25.026
22.954 	 22.954
21.821 	 21.821
22.690 	 22.690
23.049 	 23.049
24.017 	 24.017
ndis conecte bluetoo
-------------------------------nd----is----- -c-o-n---ec-----e---- -bl-u---e------------------------------------------------------------------------------------------------------------------------------------------------t-o---------------------------------o---------------------------------------
22.974 	 22.974
26.622 	 26.622
21.302 	 21.302
25.492 	 25.492
22.767 	 22.767
21.655 	 21.655
21.962 	 21.962
23.297 	 23.297
23.365 	 23.365
24.193 	 24.193
ndis conecte bluetoo
------------------------------n------is----- -c-o-n---ec-----e---- -bllu---e------------------------------------------------------------------------------------------------------------------------------------------------t-o----------------------------------o--------------------------------------
21.514 	 21.514
27.425 	 27.425
22.440 	 22.440
21.548 	 21.548
23.987 	 23.987
22.164 	 22.164
22.281 	 22.281
22.472 	 22.472
21.645 	 21.645
21.818 	 21.818
nis conecte blueto
-------------------------------n-----is----- -c-o-n---ec-----e--- --bl-u---e------------------------------------------------------------------------------------------------------------------------------------------------t-o-------------------------------------------------------------------------
22.348 	 22.348
22.636 	 22.636
21.931 	 21.931
22.302 	 22.302
20.913 	 20.913
22.906 	 22.906
25.030 	 25.030
23.611 	 23.611
24.179 	 24.179
21.882 	 21.882
ndis conecte lutoo
------------------------------n------i------ -c-o-n---ecc----e---- --bl-o---------------------------------------------------------------------------------------------------------------------------------------------------t-o---------------------------------o---------------------------------------/u/zw9ga/.conda/envs/ml/lib/python3.6/site-packages/tensorflow/python/framework/dtypes.py:517: FutureWarning: Passing (type, 1) or '1type' as a synonym of type is deprecated; in a future version of numpy, it will be understood as (type, (1,)) / '(1,)type'.
  _np_qint8 = np.dtype([("qint8", np.int8, 1)])
/u/zw9ga/.conda/envs/ml/lib/python3.6/site-packages/tensorflow/python/framework/dtypes.py:518: FutureWarning: Passing (type, 1) or '1type' as a synonym of type is deprecated; in a future version of numpy, it will be understood as (type, (1,)) / '(1,)type'.
  _np_quint8 = np.dtype([("quint8", np.uint8, 1)])
/u/zw9ga/.conda/envs/ml/lib/python3.6/site-packages/tensorflow/python/framework/dtypes.py:519: FutureWarning: Passing (type, 1) or '1type' as a synonym of type is deprecated; in a future version of numpy, it will be understood as (type, (1,)) / '(1,)type'.
  _np_qint16 = np.dtype([("qint16", np.int16, 1)])
/u/zw9ga/.conda/envs/ml/lib/python3.6/site-packages/tensorflow/python/framework/dtypes.py:520: FutureWarning: Passing (type, 1) or '1type' as a synonym of type is deprecated; in a future version of numpy, it will be understood as (type, (1,)) / '(1,)type'.
  _np_quint16 = np.dtype([("quint16", np.uint16, 1)])
/u/zw9ga/.conda/envs/ml/lib/python3.6/site-packages/tensorflow/python/framework/dtypes.py:521: FutureWarning: Passing (type, 1) or '1type' as a synonym of type is deprecated; in a future version of numpy, it will be understood as (type, (1,)) / '(1,)type'.
  _np_qint32 = np.dtype([("qint32", np.int32, 1)])
/u/zw9ga/.conda/envs/ml/lib/python3.6/site-packages/tensorflow/python/framework/dtypes.py:526: FutureWarning: Passing (type, 1) or '1type' as a synonym of type is deprecated; in a future version of numpy, it will be understood as (type, (1,)) / '(1,)type'.
  np_resource = np.dtype([("resource", np.ubyte, 1)])

22.007 	 22.007
20.396 	 20.396
22.862 	 22.862
23.032 	 23.032
23.375 	 23.375
22.733 	 22.733
23.194 	 23.194
26.015 	 26.015
24.293 	 24.293
23.196 	 23.196
ndis conecte loto
------------------------------n------i------ -c-o-n---ec-----e---- --bl-----------------------------------------------------------------------------------------------------------------------------------------------------t-o-------------------------------------------------------------------------
22.679 	 22.679
23.318 	 23.318
22.780 	 22.780
21.855 	 21.855
23.504 	 23.504
23.033 	 23.033
23.347 	 23.347
21.820 	 21.820
22.817 	 22.817
24.504 	 24.504
ndis conecte bluetoo
------------------------------nd-----is----- -c-o-n---ec-----e--- --bl-u---e------------------------------------------------------------------------------------------------------------------------------------------------t-o----------------------------------o--------------------------------------
23.507 	 23.507
23.470 	 23.470
22.633 	 22.633
24.212 	 24.212
23.438 	 23.438
24.305 	 24.305
22.975 	 22.975
22.256 	 22.256
22.761 	 22.761
22.016 	 22.016
ndis conecte bluetoo
------------------------------nd-----is----  -c-o-n---ect----e---- -bllu---e------------------------------------------------------------------------------------------------------------------------------------------------t-o----------------------------------o--------------------------------------
21.856 	 21.856
23.007 	 23.007
23.264 	 23.264
22.277 	 22.277
21.645 	 21.645
22.711 	 22.711
22.160 	 22.160
22.041 	 22.041
23.224 	 23.224
21.418 	 21.418
ndi conecte luetoo
------------------------------n------i------ -c-o-n---e-c----e---- --llu----------------------------------------------------------------------------------------------------------------------------------------------------t-o---------------------------------o---------------------------------------
25.179 	 25.179
26.361 	 26.361
23.748 	 23.748
24.115 	 24.115
23.387 	 23.387
21.356 	 21.356
25.682 	 25.682
21.975 	 21.975
20.765 	 20.765
23.011 	 23.011
ndis conecte blueto
-------------------------------nd----i-----  -c-o-n---ec-----e---- -bllu---e------------------------------------------------------------------------------------------------------------------------------------------------t-o-------------------------------------------------------------------------
21.746 	 21.746
22.735 	 22.735
22.361 	 22.361
20.938 	 20.938
22.188 	 22.188
22.679 	 22.679
21.315 	 21.315
23.661 	 23.661
21.579 	 21.579
23.024 	 23.024
nd conecte luetoo
------------------------------n------------- -c-o-n---e-c----e---- --ll-u--e------------------------------------------------------------------------------------------------------------------------------------------------t-o---------------------------------o---------------------------------------
22.746 	 22.746
22.627 	 22.627
21.695 	 21.695
22.223 	 22.223
22.897 	 22.897
21.751 	 21.751
22.669 	 22.669
23.048 	 23.048
24.882 	 24.882
22.439 	 22.439
dis conecte lueto
-------------------------------------is----- -c-o-n---ec-----e---- --ll-u--e------------------------------------------------------------------------------------------------------------------------------------------------t-o-------------------------------------------------------------------------
20.714 	 20.714
23.104 	 23.104
22.223 	 22.223
22.067 	 22.067
20.941 	 20.941
22.403 	 22.403
20.735 	 20.735
22.310 	 22.310
22.368 	 22.368
24.874 	 24.874
ndi conecte blueto
-------------------------------nd----i------ -c-o-n---ec-----e---  -bllu---e------------------------------------------------------------------------------------------------------------------------------------------------t-o-------------------------------------------------------------------------
21.278 	 21.278
22.715 	 22.715
21.331 	 21.331
21.939 	 21.939
21.141 	 21.141
22.111 	 22.111
22.908 	 22.908
24.274 	 24.274
21.830 	 21.830
21.923 	 21.923
nd conecte luetoo
-------------------------------n------------ -c-o-n---ec-----e-------l-u----------------------------------------------------------------------------------------------------------------------------------------------------t-o---------------------------------o---------------------------------------
21.687 	 21.687
21.375 	 21.375
24.349 	 24.349
21.165 	 21.165
23.302 	 23.302
23.393 	 23.393
22.252 	 22.252
22.774 	 22.774
22.738 	 22.738
21.650 	 21.650
n conecte ltoo
-------------------------------------------- -c-o-n----ec----e--------------------------------------------------------------------------------------------------------------------------------------------------------------t-o---------------------------------o---------------------------------------
22.324 	 22.324
21.626 	 21.626
22.554 	 22.554
26.057 	 26.057
23.956 	 23.956
24.340 	 24.340
22.096 	 22.096
21.879 	 21.879
22.704 	 22.704
21.943 	 21.943
ndis conecte luetoo
-------------------------------nd----i------ -c-o-n---ecct---e---- --llu---e------------------------------------------------------------------------------------------------------------------------------------------------t-o---------------------------------o---------------------------------------
22.706 	 22.706
23.516 	 23.516
21.254 	 21.254
22.740 	 22.740
21.383 	 21.383
22.116 	 22.116
22.057 	 22.057
21.940 	 21.940
22.487 	 22.487
21.980 	 21.980
ndis conecte luetoo
------------------------------n------i------ -c-o-n---ec-----e---- ---l-u---------------------------------------------------------------------------------------------------------------------------------------------------t-o----------------------------------o--------------------------------------
23.372 	 23.372
24.969 	 24.969
22.569 	 22.569
23.095 	 23.095
21.639 	 21.639
23.179 	 23.179
27.269 	 27.269
22.450 	 22.450
22.781 	 22.781
22.790 	 22.790
ndis conecte luetoo
------------------------------nd-----is----  -c-o-n---ec-----e---- --llu---e------------------------------------------------------------------------------------------------------------------------------------------------t-o---------------------------------o---------------------------------------
21.615 	 21.615
22.024 	 22.024
23.480 	 23.480
21.728 	 21.728
24.274 	 24.274
24.423 	 24.423
23.504 	 23.504
23.029 	 23.029
22.633 	 22.633
22.864 	 22.864
Final distortion 9.444763
