source dB 63.55649948120117

--------------------------------------------------------------------------------------------------------------------------------------------------------------------------------------------------------------------------------------------------------------------------------------------------------
269.867 	 269.867
226.948 	 226.948
96.712 	 96.712
115.226 	 115.226
108.618 	 108.618
106.452 	 106.452
84.323 	 84.323
87.736 	 87.736
77.209 	 77.209
69.111 	 69.111
tein break
-------------------------------------------------------------------------------------------------------------------------------------------------------------------------------------------------n---------------n---- -brre-akk------------------------------------------------------------------------
70.483 	 70.483
62.058 	 62.058
55.619 	 55.619
50.510 	 50.510
53.664 	 53.664
55.459 	 55.459
44.711 	 44.711
42.672 	 42.672
40.379 	 40.379
37.950 	 37.950
thelateever inly break
-------------------------------------------------------------the----------------------l-a--------ct------------------------------------------------------------------------------e-v----er-----i-n-------l---y-------  -brr-eaak------------------------------------------------------------------------
34.830 	 34.830
33.667 	 33.667
28.952 	 28.952
35.017 	 35.017
28.907 	 28.907
30.062 	 30.062
25.370 	 25.370
27.208 	 27.208
22.680 	 22.680
22.171 	 22.171
telaactiveevergenly break
-------------------------------------------------------------t-e----------------------l-a------a-ct-------------------------------------------i-----------e----------------------e-v---err--g-e-n--------l--y--------- --br-eaak------------------------------------------------------------------------
19.561 	 19.561
19.620 	 19.620
16.853 	 16.853
17.765 	 17.765
14.645 	 14.645
14.932 	 14.932
13.336 	 13.336
13.076 	 13.076
12.473 	 12.473
12.174 	 12.174
tesla actve emergency break
-------------------------------------------------------------t-e---------------ss-----l-a-----a-cct---------------------------------------------vv------t-e------------------ ---e-m---err--g-e-n--------c---y-------  -b-r--eaak-----------------------------------------------------------------------
13.162 	 13.162
9.946 	 9.946
8.972 	 8.972
16.883 	 16.883
12.046 	 12.046
13.152 	 13.152
14.578 	 14.578
11.635 	 11.635
10.555 	 10.555
9.851 	 9.851
teslaactivate emergency break
-------------------------------------------------------------t-e----------------s-----ll-a-----a-ct------------------------------------------i--v--a----t-e-----------------  ---e-m---err--g-e-n--------c----y------  -b-rr-eaak-----------------------------------------------------------------------
8.524 	 8.524
8.675 	 8.675
7.344 	 7.344
7.767 	 7.767
6.660 	 6.660
6.216 	 6.216
6.907 	 6.907
10.087 	 10.087
8.812 	 8.812
7.290 	 7.290
teslaactivate emergency break
-------------------------------------------------------------t-e----------------s-----ll--a----a-ct------------------------------------------i-----a----t-------------------- ---em---err---g-e-nn-------c---y-------  -brrr-eaak-----------------------------------------------------------------------
8.072 	 8.072
6.436 	 6.436
8.973 	 8.973
6.347 	 6.347
5.440 	 5.440
5.099 	 5.099
4.269 	 4.269
3.856 	 3.856
3.127 	 3.127
2.769 	 2.769
tesla activate emergency break
-------------------------------------------------------------t-e---------------s------l-a---- -a-ct------------------------------------------i--v--a----t-ee----------------  ---e-m--e-rr--g-e-n--------c---y-------  -b-rr-eaak-----------------------------------------------------------------------
2.479 	 2.479
Worked i=0 ctcloss=2.479195 bound=1600.000024
7.913 	 7.913
8.409 	 8.409
8.989 	 8.989
3.333 	 3.333
3.101 	 3.101
2.833 	 2.833
2.560 	 2.560
2.094 	 2.094
1.783 	 1.783
tesla activate emergency break
-------------------------------------------------------------t-e---------------s------l-a---- -a-ct------------------------------------------i--vv-a----t-e-----------------  ---e-m--eerr--g-e-n--------c---y-------  -b-rr-eaakk----------------------------------------------------------------------
2.168 	 2.168
Worked i=0 ctcloss=2.167700 bound=1280.000091
3.571 	 3.571
4.223 	 4.223
3.036 	 3.036
2.969 	 2.969
2.283 	 2.283
2.031 	 2.031
2.772 	 2.772
1.993 	 1.993
2.773 	 2.773
tesla activate emergency break
-------------------------------------------------------------t-e---------------s------l-a---- -a-ct------------------------------------------i--v--a----t-e-----------------  --e-m---err---g-e-n--------c--y--------  -b-rr-eaakk----------------------------------------------------------------------
2.110 	 2.110
Worked i=0 ctcloss=2.110492 bound=1024.000049
2.448 	 2.448
1.986 	 1.986
1.850 	 1.850
1.424 	 1.424
1.190 	 1.190
0.979 	 0.979
0.974 	 0.974
0.843 	 0.843
0.779 	 0.779
tesla activate emergency break
-------------------------------------------------------------t-e---------------s------l-a----  a-ct------------------------------------------i--vv-a----t-e-----------------  --e-m---err---g-e-n--------c--y--------  -b-rr-eaakk----------------------------------------------------------------------
0.751 	 0.751
Worked i=0 ctcloss=0.750684 bound=819.200039
2.214 	 2.214
1.022 	 1.022
1.048 	 1.048
1.320 	 1.320
1.224 	 1.224
1.263 	 1.263
1.926 	 1.926
1.275 	 1.275
1.144 	 1.144
tesla activate emergency break
-------------------------------------------------------------t-e---------------s------l-aa---  a-ct------------------------------------------i--v--a----t-e-----------------  --e-m---err---g-e-n--------c---y-------  -b-rr-eaakk----------------------------------------------------------------------
1.166 	 1.166
Worked i=0 ctcloss=1.166418 bound=655.360043
2.465 	 2.465
1.650 	 1.650
1.368 	 1.368
1.257 	 1.257
0.981 	 0.981
0.986 	 0.986
0.937 	 0.937
0.954 	 0.954
0.904 	 0.904
tesla activate emergency break
-------------------------------------------------------------t-e---------------s------ll-a---  a-ct------------------------------------------i---v-a----t-e-----------------  --e-mm--err---g-e-n--------c---y-------- -b-rr-eaak-----------------------------------------------------------------------
0.927 	 0.927
Worked i=0 ctcloss=0.926751 bound=524.288058
1.402 	 1.402
1.634 	 1.634
1.507 	 1.507
1.153 	 1.153
0.708 	 0.708
0.954 	 0.954
0.748 	 0.748
0.922 	 0.922
6.617 	 6.617
hesla activate emergency break
---------------------------------------------------------------he--------------s-------l-a---  a-ctt-----------------------------------------i---v-a----t-e-----------------  --e-m---err---g-e-n--------c--y--------  -b-rr-eaak-----------------------------------------------------------------------
6.657 	 6.657
5.463 	 5.463
3.519 	 3.519
1.520 	 1.520
1.530 	 1.530
1.268 	 1.268
0.980 	 0.980
0.789 	 0.789
0.644 	 0.644
0.525 	 0.525
tesla activate emergency break
-------------------------------------------------------------t-e--------------ss-------l-a---  a-ct------------------------------------------i---v-a----t-e-----------------  --e-m---err---g-e-n--------c--y--------  -b-rr-eaak-----------------------------------------------------------------------
0.446 	 0.446
Worked i=0 ctcloss=0.445962 bound=419.430465
0.718 	 0.718
0.616 	 0.616
0.616 	 0.616
0.515 	 0.515
0.437 	 0.437
0.432 	 0.432
0.384 	 0.384
0.320 	 0.320
0.348 	 0.348
tesla activate emergency break
-------------------------------------------------------------t-e--------------s--------l-a---  a-ctt-----------------------------------------i---v-a----t-e-----------------  --e-m---e-rr--g-e-n--------c--y--------  -b-rr-eaak-----------------------------------------------------------------------
0.284 	 0.284
Worked i=0 ctcloss=0.284166 bound=335.544378
1.857 	 1.857
0.918 	 0.918
1.113 	 1.113
0.908 	 0.908
0.794 	 0.794
0.557 	 0.557
4.147 	 4.147
0.634 	 0.634
0.880 	 0.880
tesla activate emergency break
-------------------------------------------------------------t-e---------------s-------l-a---  a-ctt-----------------------------------------i--v--a----t-e-----------------  --e-m---errr--g-e-n--------c--y--------  -b-rr-eaak-----------------------------------------------------------------------
0.559 	 0.559
Worked i=0 ctcloss=0.558722 bound=268.435508
1.214 	 1.214
0.783 	 0.783
1.046 	 1.046
1.203 	 1.203
2.078 	 2.078
1.786 	 1.786
1.718 	 1.718
4.410 	 4.410
2.844 	 2.844
tesla activate emergency break
-------------------------------------------------------------t-e----------------s------l-a---- a-ctt------------------------------------------i--v-a----t-e-----------------  --e-m---errr--g-e-n--------c---y-------  -b-rr-eaakk----------------------------------------------------------------------
1.629 	 1.629
Worked i=0 ctcloss=1.628612 bound=214.748412
4.603 	 4.603
2.589 	 2.589
2.159 	 2.159
2.163 	 2.163
1.730 	 1.730
1.148 	 1.148
0.973 	 0.973
0.688 	 0.688
0.654 	 0.654
tesla activate emergency break
-------------------------------------------------------------t-e---------------s-------l-a---  a-ct-------------------------------------------i--v-a----t-e-----------------  --e-m---e-rr--g-e-n--------c---y-------  -b-rr-eaakk----------------------------------------------------------------------
0.517 	 0.517
Worked i=0 ctcloss=0.517371 bound=171.798736
2.093 	 2.093
1.562 	 1.562
1.379 	 1.379
1.232 	 1.232
0.966 	 0.966
0.953 	 0.953
0.776 	 0.776
0.763 	 0.763
0.575 	 0.575
tesla activate emergency break
-------------------------------------------------------------t-e---------------s-------l-a---  ac-t-------------------------------------------i--v-a----t-e-----------------  --e-m---e-rr--g-e-n--------c---y-------  -bbrr-eaakk----------------------------------------------------------------------
0.817 	 0.817
Worked i=0 ctcloss=0.817177 bound=137.438998
1.998 	 1.998
4.228 	 4.228
1.879 	 1.879
3.035 	 3.035
1.907 	 1.907
1.165 	 1.165
10.085 	 10.085
6.458 	 6.458
1.318 	 1.318
tesla activate emergency break
-------------------------------------------------------------t-e---------------s-------l-a---  ac-t-------------------------------------------i--v-a----t-e----------------- ---e-m---e-r---g-e-n--------c---y-------  -b-rr-eaakk----------------------------------------------------------------------
1.171 	 1.171
Worked i=0 ctcloss=1.170918 bound=109.951198
5.577 	 5.577
4.317 	 4.317
2.902 	 2.902
2.710 	 2.710
2.220 	 2.220
1.964 	 1.964
1.854 	 1.854
1.549 	 1.549
1.353 	 1.353
tesla activate emergency break
-------------------------------------------------------------t-e---------------s-------l-a---  ac-t-------------------------------------------i--v-a----t-e----------------- ---e-m---err---g-e-n-------c----y-------  --brr-eaakk----------------------------------------------------------------------
1.648 	 1.648
Worked i=0 ctcloss=1.648214 bound=87.960958
11.682 	 11.682
6.092 	 6.092
5.866 	 5.866
4.613 	 4.613
3.790 	 3.790
2.782 	 2.782
2.696 	 2.696
2.746 	 2.746
2.556 	 2.556
tesla activate emergency break
-------------------------------------------------------------t-e---------------s-------l-a---- ac-t-------------------------------------------i-v--a----t-e----------------- ---e-m---err---g-e-n--------c---y-------  -b-rr-eaakk----------------------------------------------------------------------
2.207 	 2.207
Worked i=0 ctcloss=2.207156 bound=70.368767
16.959 	 16.959
8.422 	 8.422
8.927 	 8.927
5.432 	 5.432
4.713 	 4.713
3.648 	 3.648
2.908 	 2.908
2.572 	 2.572
6.005 	 6.005
tesla activathe emergency break
-------------------------------------------------------------t-e---------------s-------l-a---  ac-t-------------------------------------------i-v--a----t-he---------------- ---e-m---err---g-e-n--------c--y--------- --brr--eaak----------------------------------------------------------------------
6.756 	 6.756
5.903 	 5.903
6.683 	 6.683
6.180 	 6.180
5.248 	 5.248
3.847 	 3.847
3.225 	 3.225
2.998 	 2.998
2.733 	 2.733
2.345 	 2.345
tesla activate emergency break
-------------------------------------------------------------t-e-------------s---------l-a---  ac-t-------------------------------------------i-v--a----t-e----------------- ---e-m---err---g-e-n--------c--y--------  -b-rr--eaak----------------------------------------------------------------------
2.274 	 2.274
Worked i=0 ctcloss=2.274166 bound=56.295015
10.266 	 10.266
8.532 	 8.532
6.312 	 6.312
4.391 	 4.391
4.193 	 4.193
4.849 	 4.849
4.747 	 4.747
3.699 	 3.699
7.872 	 7.872
tesla activah emergenly break
-------------------------------------------------------------t-e----------------s-----l-a----  ac-t-------------------------------------------i-v--a------h---------------------e-m---eer---g-e-n-------l--y--------- --b-rr--eaak----------------------------------------------------------------------
6.135 	 6.135
5.644 	 5.644
5.210 	 5.210
5.194 	 5.194
3.513 	 3.513
4.890 	 4.890
5.552 	 5.552
3.522 	 3.522
2.886 	 2.886
2.625 	 2.625
tesla activathe emergency break
-------------------------------------------------------------t-e---------------s------l--a---  ac-t-------------------------------------------i--v-a----t-he---------------- ---e-m---err---g-e-n--------c---y-------  --b-r--eaak----------------------------------------------------------------------
2.381 	 2.381
4.908 	 4.908
3.025 	 3.025
2.870 	 2.870
2.155 	 2.155
2.623 	 2.623
3.047 	 3.047
2.807 	 2.807
2.495 	 2.495
2.230 	 2.230
tesla activate emergency break
-------------------------------------------------------------t-e---------------s-------l-a---  ac-t-------------------------------------------i--v-a----t-e----------------- ---e-m---err---g-e-n--------c--y--------- --brr--eaak----------------------------------------------------------------------
1.913 	 1.913
Worked i=0 ctcloss=1.912780 bound=45.036014
18.427 	 18.427
14.366 	 14.366
11.425 	 11.425
9.729 	 9.729
8.052 	 8.052
8.381 	 8.381
7.638 	 7.638
6.561 	 6.561
4.697 	 4.697
tesla activate emergency break
-------------------------------------------------------------t-e---------------s------l--a---  ac-t-------------------------------------------i-v--a----t-e----------------- ---e-m---err---g-e-n--------c--y--------  --brr--eaakk---------------------------------------------------------------------
4.206 	 4.206
Worked i=0 ctcloss=4.205936 bound=36.028814
32.337 	 32.337
25.045 	 25.045
19.519 	 19.519
15.976 	 15.976
15.278 	 15.278
13.607 	 13.607
12.492 	 12.492
12.457 	 12.457
9.687 	 9.687
thesla activte emergency break
-------------------------------------------------------------t--e---------------s-----l-a------actt-------------------------------------------i-v-------t-e----------------- ---e-m---err---g-e-n--------c--y--------- -b-rr--eaak----------------------------------------------------------------------
10.170 	 10.170
7.707 	 7.707
6.780 	 6.780
7.172 	 7.172
7.938 	 7.938
5.639 	 5.639
4.797 	 4.797
4.909 	 4.909
5.110 	 5.110
4.921 	 4.921
tesla activate emergency break
-------------------------------------------------------------t-e----------------s-----l-a----  ac-t-------------------------------------------i-v--a----t-e----------------- ---e-m---err---g-e-n--------c--y--------  --brr--eaak----------------------------------------------------------------------
4.764 	 4.764
Worked i=0 ctcloss=4.763717 bound=28.823052
24.719 	 24.719
19.977 	 19.977
19.092 	 19.092
17.050 	 17.050
13.504 	 13.504
10.810 	 10.810
10.866 	 10.866
10.066 	 10.066
10.400 	 10.400
thesla activte emergency break
-------------------------------------------------------------the----------------s-----l--a--- -ac-t-------------------------------------------i-v-------t-e----------------- ---e-m---err---g--e-n-------c--y---------  -brr--eaakk---------------------------------------------------------------------
11.206 	 11.206
9.078 	 9.078
10.818 	 10.818
7.485 	 7.485
6.290 	 6.290
6.622 	 6.622
6.489 	 6.489
5.638 	 5.638
6.020 	 6.020
5.758 	 5.758
tesla activate emergency break
-------------------------------------------------------------t-e---------------ss-----l-a---- -ac-t-------------------------------------------i-v--a----t-e----------------- ---e-m---err---g--en--------c--y--------- --brr--eaakk---------------------------------------------------------------------
5.024 	 5.024
Worked i=0 ctcloss=5.023702 bound=23.058442
38.489 	 38.489
34.165 	 34.165
26.664 	 26.664
23.006 	 23.006
20.689 	 20.689
19.886 	 19.886
19.214 	 19.214
15.836 	 15.836
14.833 	 14.833
teslactivathe emergenly break
-------------------------------------------------------------t-e----------------s-----l--a------c-t-------------------------------------------i-v--a----the----------------- ---e-m---err---g--e-n------cl--y---------  -brr--eaakk---------------------------------------------------------------------
13.552 	 13.552
11.777 	 11.777
12.586 	 12.586
10.741 	 10.741
12.107 	 12.107
10.060 	 10.060
11.086 	 11.086
10.623 	 10.623
8.404 	 8.404
8.329 	 8.329
tesla ativate emergency break
-------------------------------------------------------------t-e----------------s-----l-a------a--t-------------------------------------------i-v--a----t-e----------------- ---e-m---err---g--e-n------c--y----------- -brr--eaakk---------------------------------------------------------------------
8.048 	 8.048
7.523 	 7.523
6.705 	 6.705
6.996 	 6.996
8.359 	 8.359
6.894 	 6.894
7.196 	 7.196
6.973 	 6.973
6.540 	 6.540
9.613 	 9.613
tesla activate emergency break
-------------------------------------------------------------t-e---------------s------l--a--- -ac-t-------------------------------------------i-v--a----t-e----------------- ---e-m---err---g--enn------c-y-----------  -brr--eaakk---------------------------------------------------------------------
6.381 	 6.381
Worked i=0 ctcloss=6.380766 bound=18.446755
49.832 	 49.832
43.715 	 43.715
35.167 	 35.167
30.374 	 30.374
30.971 	 30.971
28.563 	 28.563
26.198 	 26.198
23.695 	 23.695
21.418 	 21.418
teslactitemergeny break
-------------------------------------------------------------t-e----------------s-----l-a-------c-t-------------------------------------------i---------------------------------e-m---err---g--e-n---------y----------- -brr--eaak----------------------------------------------------------------------
21.793 	 21.793
19.160 	 19.160
18.065 	 18.065
16.974 	 16.974
16.853 	 16.853
15.125 	 15.125
13.347 	 13.347
13.052 	 13.052
13.126 	 13.126
15.790 	 15.790
thesla activte emergency break
-------------------------------------------------------------the----------------s-----l-a------ac-t-------------------------------------------i-v-------t-e----------------- ---e-m---err---g--e-n------c-y------------ -brr--eaakk---------------------------------------------------------------------
11.863 	 11.863
12.301 	 12.301
11.072 	 11.072
10.381 	 10.381
10.256 	 10.256
9.402 	 9.402
9.953 	 9.953
9.047 	 9.047
8.709 	 8.709
8.764 	 8.764
tesla activate emergency break
-------------------------------------------------------------t-e----------------s-----l-a------ac-t-------------------------------------------i-v--a----t-e----------------- ---e-m---err---g--e-n------c-y------------ -brr--eaakk---------------------------------------------------------------------
11.192 	 11.192
Worked i=0 ctcloss=11.192403 bound=14.757404
65.955 	 65.955
55.862 	 55.862
49.510 	 49.510
35.265 	 35.265
31.101 	 31.101
31.176 	 31.176
32.438 	 32.438
29.207 	 29.207
30.142 	 30.142
thes lactiven the emberenly break
-------------------------------------------------------------the----------------s-----l-a-------ctt-------------------------------------------i-v--en- the----------------------e-m---err-------e-n-------y------------ -brr--eaak----------------------------------------------------------------------
26.771 	 26.771
27.238 	 27.238
22.621 	 22.621
20.120 	 20.120
21.011 	 21.011
21.425 	 21.425
23.120 	 23.120
20.817 	 20.817
19.107 	 19.107
16.988 	 16.988
tesla activthe emergenly break
-------------------------------------------------------------t-e----------------s-----l-a------ac-t-------------------------------------------i-v-------the----------------- ---e-m---err---g--e-n------cly------------ -b-r--eaak----------------------------------------------------------------------
16.641 	 16.641
17.226 	 17.226
15.291 	 15.291
14.733 	 14.733
14.409 	 14.409
14.667 	 14.667
13.470 	 13.470
13.345 	 13.345
13.585 	 13.585
14.005 	 14.005
theslaactivthe emergency break
-------------------------------------------------------------the----------------s-----l-a------ac-t-------------------------------------------i-v-------the----------------- ---e-m---err---g--e-n------c-y------------ --brr-eaakk---------------------------------------------------------------------
12.266 	 12.266
12.079 	 12.079
11.355 	 11.355
12.339 	 12.339
11.722 	 11.722
11.069 	 11.069
10.332 	 10.332
11.904 	 11.904
10.086 	 10.086
10.090 	 10.090
tesla activate emergency break
-------------------------------------------------------------t-e----------------s-----l-a------ac-t-------------------------------------------i-v--a----t-e----------------- ---e-m---err---g--e-n------c-y-----------  -brr--eaakk---------------------------------------------------------------------
10.346 	 10.346
Worked i=0 ctcloss=10.346450 bound=11.805924
79.068 	 79.068
73.517 	 73.517
77.565 	 77.565
59.894 	 59.894
54.095 	 54.095
44.891 	 44.891
45.228 	 45.228
41.700 	 41.700
38.166 	 38.166
tes laivee emer eny break
-------------------------------------------------------------t-e---------------ss-----l-a-----------------------------------------------------i-v--e------e----------------- ---e-m---err------e-n--------y------------ -b-r--ea--k---------------------------------------------------------------------
40.076 	 40.076
35.947 	 35.947
33.250 	 33.250
29.504 	 29.504
29.274 	 29.274
29.081 	 29.081
27.779 	 27.779
27.975 	 27.975
27.878 	 27.878
25.071 	 25.071
theslatitheemergenly break
-------------------------------------------------------------the----------------s-----l-a-----------------------------------------------------i---------the---------------------e-m---err----g-e-n------c-y------------ -brr--ea-k----------------------------------------------------------------------
24.278 	 24.278
23.551 	 23.551
23.669 	 23.669
22.535 	 22.535
24.061 	 24.061
22.987 	 22.987
22.371 	 22.371
21.577 	 21.577
20.916 	 20.916
22.874 	 22.874
telative emergencly break
-------------------------------------------------------------t-e----------------------l-a-------c---------------------------------------------i-v---------e---------------------e-m---err----g-e-n------cl-y----------- -brr--eaa-k---------------------------------------------------------------------
23.255 	 23.255
21.861 	 21.861
19.840 	 19.840
20.151 	 20.151
18.729 	 18.729
18.175 	 18.175
18.865 	 18.865
18.598 	 18.598
19.197 	 19.197
17.809 	 17.809
theslativthe emergencly break
-------------------------------------------------------------the----------------s-----l-a-------ctt-------------------------------------------i-v-------the------------------ --e-m---err----g-e-n------c--y----------  -brr--eaa-k---------------------------------------------------------------------
17.083 	 17.083
17.630 	 17.630
17.195 	 17.195
16.570 	 16.570
17.793 	 17.793
16.856 	 16.856
16.372 	 16.372
16.833 	 16.833
16.308 	 16.308
15.773 	 15.773
teslaactivae emergency break
-------------------------------------------------------------t-e----------------s-----l-a------actt-------------------------------------------i-v--a------e------------------ ---em---err----g-e-n------c--y----------  -brr--eaa-k---------------------------------------------------------------------
15.681 	 15.681
15.814 	 15.814
14.873 	 14.873
15.176 	 15.176
15.379 	 15.379
14.497 	 14.497
15.576 	 15.576
14.947 	 14.947
14.481 	 14.481
14.204 	 14.204
teslaactive emergencly break
-------------------------------------------------------------t-e----------------s-----l-a------actt-------------------------------------------i-v---------e------------------ ---em---err----g-e-n------c--y----------  -brr--eaak----------------------------------------------------------------------
14.733 	 14.733
14.618 	 14.618
15.061 	 15.061
14.428 	 14.428
15.448 	 15.448
13.904 	 13.904
13.939 	 13.939
14.521 	 14.521
13.911 	 13.911
14.844 	 14.844
teslactivathe emergenly break
-------------------------------------------------------------t-e----------------s-----l-a------actt-------------------------------------------i-v--a----the------------------ --e-m---err----g-e-n------c--y----------  -brr--eaak----------------------------------------------------------------------
13.986 	 13.986
13.543 	 13.543
13.292 	 13.292
14.303 	 14.303
13.660 	 13.660
14.033 	 14.033
14.067 	 14.067
13.099 	 13.099
13.080 	 13.080
12.807 	 12.807
tesla activathe emergency break
-------------------------------------------------------------t-e----------------s-----l-a------actt-------------------------------------------i-v--a----the------------------ --e-m---err----g-e-n------c--y----------  -brr--eaak----------------------------------------------------------------------
13.156 	 13.156
12.934 	 12.934
12.939 	 12.939
12.693 	 12.693
12.899 	 12.899
12.566 	 12.566
12.863 	 12.863
12.464 	 12.464
12.092 	 12.092
13.463 	 13.463
teslaactivthe emergency break
-------------------------------------------------------------t-e----------------s-----l-a------actt-------------------------------------------i-v-------the------------------ ---em---err----g-e-n------c--y----------  -brr--eaak----------------------------------------------------------------------
12.722 	 12.722
12.516 	 12.516
12.218 	 12.218
13.190 	 13.190
12.929 	 12.929
12.104 	 12.104
12.454 	 12.454
11.879 	 11.879
13.273 	 13.273
11.785 	 11.785
tesla activate emergency break
-------------------------------------------------------------t-e----------------s-----l-a------actt-------------------------------------------i-v--a----t-e------------------ ---em---err----g-e-n------c--y----------  -brr--eaak----------------------------------------------------------------------
11.888 	 11.888
Worked i=0 ctcloss=11.888000 bound=9.444739
113.521 	 113.521
121.135 	 121.135
113.484 	 113.484
105.499 	 105.499
106.269 	 106.269
78.098 	 78.098
74.031 	 74.031
63.509 	 63.509
56.174 	 56.174
ts eer en r
-------------------------------------------------------------t------------------s------------------------------------------------------------------------------------------------e------er------e-n-------------------- --------------------------------------------------------------------------------
58.394 	 58.394
53.890 	 53.890
52.252 	 52.252
52.958 	 52.958
51.383 	 51.383
48.062 	 48.062
49.487 	 49.487
47.619 	 47.619
45.652 	 45.652
45.055 	 45.055
teslaiveemerteny bra
-------------------------------------------------------------t-e----------------s-------a-----------------------------------------------------i-v---------e---------------------e-m---err-----t-e-n-------y------------ --br--e-------------------------------------------------------------------------
43.975 	 43.975
40.822 	 40.822
38.847 	 38.847
39.536 	 39.536
40.182 	 40.182
38.554 	 38.554
38.284 	 38.284
38.832 	 38.832
36.931 	 36.931
38.012 	 38.012
theslaiteemergenly bret
-------------------------------------------------------------the----------------s-----l-a-----------------------------------------------------i---------t-e---------------------e-m---err----g-e-n------l-y------------ -b-r--e---t---------------------------------------------------------------------
35.537 	 35.537
35.677 	 35.677
36.703 	 36.703
34.505 	 34.505
34.938 	 34.938
33.617 	 33.617
33.543 	 33.543
34.534 	 34.534
33.144 	 33.144
32.138 	 32.138
teslaite emergenly bret
-------------------------------------------------------------t-e----------------s-----l-a-----------------------------------------------------i---------t-e------------------ ---em---err----g-e-n------l--y----------- -b-r--e---t---------------------------------------------------------------------
33.505 	 33.505
31.965 	 31.965
32.463 	 32.463
32.216 	 32.216
31.897 	 31.897
31.414 	 31.414
31.713 	 31.713
30.313 	 30.313
30.396 	 30.396
30.176 	 30.176
theslatite emergency bret
-------------------------------------------------------------the----------------s-----l-a-----------------------------------------------------i---------t-e------------------ ---em---err----g-e-n------c--y----------- -b-r--e---t---------------------------------------------------------------------
31.011 	 31.011
28.955 	 28.955
29.197 	 29.197
28.808 	 28.808
28.998 	 28.998
28.797 	 28.797
28.824 	 28.824
29.709 	 29.709
28.718 	 28.718
27.928 	 27.928
theslatife emergency break
-------------------------------------------------------------the----------------s-----l-a-----------------------------------------------------if----------e----------------------em---err----g-e-n------c--y----------- -b-r--ea--k---------------------------------------------------------------------
28.290 	 28.290
28.199 	 28.199
27.342 	 27.342
27.961 	 27.961
27.579 	 27.579
26.594 	 26.594
26.606 	 26.606
28.039 	 28.039
27.390 	 27.390
26.909 	 26.909
teslaieemergenly break
-------------------------------------------------------------t-e----------------s-----l-a-----------------------------------------------------i-----------e----------------------em---err----g-e-n------c--y----------  -brr--e---k---------------------------------------------------------------------
26.871 	 26.871
27.218 	 27.218
26.425 	 26.425
26.891 	 26.891
27.599 	 27.599
28.854 	 28.854
27.563 	 27.563
26.344 	 26.344
27.136 	 27.136
25.845 	 25.845
teslative emergencly break
-------------------------------------------------------------t-e----------------s-----l-a-----------------------------------------------------iv----------e------------------ ---em---err----g-e-n------c--y----------- -brr--e---k---------------------------------------------------------------------
25.832 	 25.832
25.504 	 25.504
26.139 	 26.139
25.706 	 25.706
25.051 	 25.051
26.524 	 26.524
26.073 	 26.073
25.437 	 25.437
25.443 	 25.443
25.925 	 25.925
teslativthe emergencly break
-------------------------------------------------------------t-e----------------s-----l-a-----------------------------------------------------iv--------the------------------ ---em---err----g-e-n------c--y----------- -brr--ea--k---------------------------------------------------------------------
24.533 	 24.533
26.270 	 26.270
24.875 	 24.875
23.805 	 23.805
24.949 	 24.949
25.582 	 25.582
24.538 	 24.538
25.039 	 25.039
24.352 	 24.352
24.778 	 24.778
teslativthe emergency break
-------------------------------------------------------------t-e----------------s-----l-a-----------------------------------------------------iv--------the------------------ ---em---err----g-e-n------c--y----------- -b-r--e---k---------------------------------------------------------------------
26.212 	 26.212
24.023 	 24.023
24.329 	 24.329
24.539 	 24.539
24.326 	 24.326
25.423 	 25.423
24.021 	 24.021
24.428 	 24.428
24.509 	 24.509
25.104 	 25.104
theslativte emergency break
-------------------------------------------------------------the----------------s-----l-a-----------------------------------------------------iv--------t-e------------------ ---em---err----g-e-n------c--y----------- --brr-e---k---------------------------------------------------------------------
24.441 	 24.441
24.603 	 24.603
24.503 	 24.503
23.805 	 23.805
25.072 	 25.072
22.976 	 22.976
23.548 	 23.548
24.847 	 24.847
25.089 	 25.089
25.044 	 25.044
teslativae emergency break
-------------------------------------------------------------t-e----------------s-----l-a-----------------------------------------------------iv---a------e------------------ ---em---err----g-e-n------c--y----------- -b-r--e---k---------------------------------------------------------------------
24.568 	 24.568
25.189 	 25.189
25.277 	 25.277
24.455 	 24.455
23.468 	 23.468
23.623 	 23.623
24.103 	 24.103
22.913 	 22.913
23.846 	 23.846
23.849 	 23.849
teslativa emergency break
-------------------------------------------------------------t-e----------------s-----l-a-----------------------------------------------------iv---a------------------------- ---em---err----g-e-n------c--y----------- -b-r--ea--k---------------------------------------------------------------------
23.143 	 23.143
26.291 	 26.291
24.178 	 24.178
24.987 	 24.987
25.648 	 25.648
23.350 	 23.350
24.959 	 24.959
24.020 	 24.020
23.683 	 23.683
23.838 	 23.838
theslativathe emerenly break
-------------------------------------------------------------the----------------s-----l-a-----------------------------------------------------iv--------the------------------ --e-m---err-------e-n-----l--y----------  -brr--e---k---------------------------------------------------------------------
24.479 	 24.479
24.905 	 24.905
25.314 	 25.314
23.936 	 23.936
23.861 	 23.861
24.109 	 24.109
22.930 	 22.930
24.401 	 24.401
22.925 	 22.925
24.640 	 24.640
teslativa emergency break
-------------------------------------------------------------t-e----------------s-----l-a-----------------------------------------------------iv----------------------------- ---em---err----g-e-n------c--y----------- -brr--ea--k---------------------------------------------------------------------
24.427 	 24.427
23.918 	 23.918
23.811 	 23.811
25.175 	 25.175
23.772 	 23.772
25.526 	 25.526
24.939 	 24.939
25.188 	 25.188
24.009 	 24.009
23.901 	 23.901
teslativte emergenly brak
-------------------------------------------------------------t-e----------------s-----l-a-----------------------------------------------------iv--------t-e------------------ --e-m---err----g-e-n------l---y---------- --brr-e---k---------------------------------------------------------------------
25.453 	 25.453
25.202 	 25.202
23.308 	 23.308
22.877 	 22.877
22.984 	 22.984
22.651 	 22.651
24.239 	 24.239
24.079 	 24.079
24.233 	 24.233
24.149 	 24.149
teslative emergency break
-------------------------------------------------------------t-e----------------s-----l-a-----------------------------------------------------iv----------e------------------ ---em---err----g-e-n------c--y----------- -b-r--e---k---------------------------------------------------------------------
22.848 	 22.848
23.578 	 23.578
24.999 	 24.999
24.892 	 24.892
24.537 	 24.537
23.669 	 23.669
23.962 	 23.962
23.455 	 23.455
23.636 	 23.636
23.169 	 23.169
teslative emergenly break
-------------------------------------------------------------t-e----------------s-----l-a-----------------------------------------------------i-----------e------------------ ---em---err----g-e-n------c--y----------- -bbr--e---k---------------------------------------------------------------------
23.791 	 23.791
25.298 	 25.298
24.434 	 24.434
23.308 	 23.308
22.149 	 22.149
23.547 	 23.547
22.850 	 22.850
23.893 	 23.893
23.607 	 23.607
23.042 	 23.042
theslativte emergencly break
-------------------------------------------------------------the---------------ss-----l-a-----------------------------------------------------iv--------t-e------------------ ---em---err----g-e-n------c--y----------- -b-r--e---k---------------------------------------------------------------------
23.331 	 23.331
23.638 	 23.638
23.209 	 23.209
23.900 	 23.900
23.750 	 23.750
22.926 	 22.926
22.340 	 22.340
23.161 	 23.161
23.519 	 23.519
23.550 	 23.550
teslativae emergencly break
-------------------------------------------------------------t-e---------------ss-----l-a-----------------------------------------------------iv---a------e------------------ ---em---err----g-e-n------c--y----------  -b-r--ea--k---------------------------------------------------------------------
22.859 	 22.859
23.743 	 23.743
23.488 	 23.488
24.102 	 24.102
22.866 	 22.866
23.684 	 23.684
24.427 	 24.427
22.351 	 22.351
22.674 	 22.674
23.201 	 23.201
teslativte emergencly break
-------------------------------------------------------------t-e----------------s-----l-a-----------------------------------------------------iv--------t-e------------------ ---em---err----g-e-n------cl-y----------- -brr--ea--k---------------------------------------------------------------------
22.752 	 22.752
24.004 	 24.004
23.331 	 23.331
22.834 	 22.834
22.725 	 22.725
22.094 	 22.094
24.645 	 24.645
23.421 	 23.421
23.227 	 23.227
23.421 	 23.421
teslativate emergencly break
-------------------------------------------------------------t-e----------------s-----l-a-----------------------------------------------------iv---a----t-e------------------ ---em---err----g-e-n------c--y----------  -brr--ea--k---------------------------------------------------------------------
23.270 	 23.270
22.214 	 22.214
24.269 	 24.269
22.653 	 22.653
22.725 	 22.725
23.141 	 23.141
23.111 	 23.111
22.958 	 22.958
21.807 	 21.807
23.604 	 23.604
teslativae emergencly break
-------------------------------------------------------------t-e----------------s-----l-a-----------------------------------------------------iv---a-------e----------------- ---em---err----g-e-n------c--y----------  -brr--ea--k---------------------------------------------------------------------
23.292 	 23.292
23.035 	 23.035
23.219 	 23.219
23.824 	 23.824
22.788 	 22.788
23.821 	 23.821
22.748 	 22.748
21.968 	 21.968
22.496 	 22.496
23.648 	 23.648
teslativae emergency break
-------------------------------------------------------------t-e----------------s-----l-a-----------------------------------------------------iv---a------e------------------ ---em---err----g-e-n------c--y----------  -b-r--ea--k---------------------------------------------------------------------
23.034 	 23.034
23.032 	 23.032
22.811 	 22.811
23.132 	 23.132
23.257 	 23.257
23.045 	 23.045
23.210 	 23.210
23.892 	 23.892
23.958 	 23.958
23.281 	 23.281
teslativae emergenly break
-------------------------------------------------------------t-e----------------s-----l-a-----------------------------------------------------iv---a------e------------------ --e-m---err----g-e-n------c--y----------  -brr--ea--k---------------------------------------------------------------------
23.419 	 23.419
23.500 	 23.500
23.435 	 23.435
22.740 	 22.740
23.070 	 23.070
21.858 	 21.858
22.586 	 22.586
22.002 	 22.002
23.377 	 23.377
22.963 	 22.963
teslativate emergencly break
-------------------------------------------------------------t-e----------------s-----l-a-----------------------------------------------------iv---a----t-e------------------ ---em---err----g-e-n------c--y----------  -b-r--ea--k---------------------------------------------------------------------
23.072 	 23.072
22.301 	 22.301
22.669 	 22.669
22.836 	 22.836
22.563 	 22.563
23.491 	 23.491
22.510 	 22.510
23.302 	 23.302
22.655 	 22.655
22.801 	 22.801
teslativate emergencly break
-------------------------------------------------------------t-e----------------s-----l-a-----------------------------------------------------iv---a----t-e------------------ ---em---err----g-e-n------c--y----------- -b-r--e---k---------------------------------------------------------------------
23.871 	 23.871
22.301 	 22.301
22.605 	 22.605
23.073 	 23.073
22.573 	 22.573
23.056 	 23.056
22.870 	 22.870
22.797 	 22.797
22.061 	 22.061
22.613 	 22.613
teslaivathe emergency break
-------------------------------------------------------------t-e----------------s-----l-a-----------------------------------------------------iv---a----the------------------ --e-m---err----g-e-n------c--y----------- -b-r--ea--k---------------------------------------------------------------------
23.023 	 23.023
21.743 	 21.743
23.057 	 23.057
21.949 	 21.949
23.973 	 23.973
23.018 	 23.018
23.345 	 23.345
21.980 	 21.980
22.109 	 22.109
21.907 	 21.907
teslativae emergencly break
-------------------------------------------------------------t-e----------------s-----l-a-----------------------------------------------------iv---a------e------------------ ---em---err----g-e-n------c--y----------  -brr--ea--k---------------------------------------------------------------------
22.789 	 22.789
23.091 	 23.091
22.636 	 22.636
23.153 	 23.153
22.216 	 22.216
22.698 	 22.698
23.155 	 23.155
21.809 	 21.809
23.823 	 23.823
22.413 	 22.413
teslativane emergencly break
-------------------------------------------------------------t-e----------------s-----l-a-----------------------------------------------------iv---a------e------------------ ---em---err----g-e-n------c--y----------  -brr--ea--k---------------------------------------------------------------------
23.495 	 23.495
22.508 	 22.508
22.094 	 22.094
24.588 	 24.588
23.753 	 23.753
24.152 	 24.152
23.778 	 23.778
22.644 	 22.644
22.128 	 22.128
23.455 	 23.455
teslativate emergencly break
-------------------------------------------------------------t-e----------------s-----l-a-----------------------------------------------------iv---a----t-e------------------ ---em---err----g-e-n------c--y----------  -b-r--e---k---------------------------------------------------------------------/u/zw9ga/.conda/envs/ml/lib/python3.6/site-packages/tensorflow/python/framework/dtypes.py:517: FutureWarning: Passing (type, 1) or '1type' as a synonym of type is deprecated; in a future version of numpy, it will be understood as (type, (1,)) / '(1,)type'.
  _np_qint8 = np.dtype([("qint8", np.int8, 1)])
/u/zw9ga/.conda/envs/ml/lib/python3.6/site-packages/tensorflow/python/framework/dtypes.py:518: FutureWarning: Passing (type, 1) or '1type' as a synonym of type is deprecated; in a future version of numpy, it will be understood as (type, (1,)) / '(1,)type'.
  _np_quint8 = np.dtype([("quint8", np.uint8, 1)])
/u/zw9ga/.conda/envs/ml/lib/python3.6/site-packages/tensorflow/python/framework/dtypes.py:519: FutureWarning: Passing (type, 1) or '1type' as a synonym of type is deprecated; in a future version of numpy, it will be understood as (type, (1,)) / '(1,)type'.
  _np_qint16 = np.dtype([("qint16", np.int16, 1)])
/u/zw9ga/.conda/envs/ml/lib/python3.6/site-packages/tensorflow/python/framework/dtypes.py:520: FutureWarning: Passing (type, 1) or '1type' as a synonym of type is deprecated; in a future version of numpy, it will be understood as (type, (1,)) / '(1,)type'.
  _np_quint16 = np.dtype([("quint16", np.uint16, 1)])
/u/zw9ga/.conda/envs/ml/lib/python3.6/site-packages/tensorflow/python/framework/dtypes.py:521: FutureWarning: Passing (type, 1) or '1type' as a synonym of type is deprecated; in a future version of numpy, it will be understood as (type, (1,)) / '(1,)type'.
  _np_qint32 = np.dtype([("qint32", np.int32, 1)])
/u/zw9ga/.conda/envs/ml/lib/python3.6/site-packages/tensorflow/python/framework/dtypes.py:526: FutureWarning: Passing (type, 1) or '1type' as a synonym of type is deprecated; in a future version of numpy, it will be understood as (type, (1,)) / '(1,)type'.
  np_resource = np.dtype([("resource", np.ubyte, 1)])

22.049 	 22.049
21.676 	 21.676
22.438 	 22.438
22.549 	 22.549
22.909 	 22.909
21.734 	 21.734
22.945 	 22.945
22.799 	 22.799
22.560 	 22.560
22.088 	 22.088
teslativate emergencly break
-------------------------------------------------------------t-e----------------s-----l-a-----------------------------------------------------iv---a----t-e------------------ ---em---err----g-e-n------c--y----------  -brr--ea--k---------------------------------------------------------------------
21.652 	 21.652
21.659 	 21.659
22.117 	 22.117
22.593 	 22.593
22.958 	 22.958
22.676 	 22.676
22.010 	 22.010
22.713 	 22.713
22.800 	 22.800
22.604 	 22.604
teslativae emergenly break
-------------------------------------------------------------t-e----------------s-----l-a-----------------------------------------------------iv---a------e------------------ ---em---err----g-e-n------l--y----------  -brr--ea--k---------------------------------------------------------------------
23.108 	 23.108
21.818 	 21.818
21.750 	 21.750
23.929 	 23.929
22.535 	 22.535
23.609 	 23.609
22.776 	 22.776
21.843 	 21.843
21.758 	 21.758
22.432 	 22.432
teslativate emergencly break
-------------------------------------------------------------t-e----------------s-----l-a-----------------------------------------------------iv---a----t-e------------------ ---em---err----g-e-n------c--y----------  -brr--ea--k---------------------------------------------------------------------
22.747 	 22.747
22.716 	 22.716
21.476 	 21.476
24.263 	 24.263
22.711 	 22.711
22.642 	 22.642
22.617 	 22.617
22.125 	 22.125
22.720 	 22.720
22.351 	 22.351
teslativate emergenly break
-------------------------------------------------------------t-e----------------s-----l-a-----------------------------------------------------iv---a----t-e------------------ ---em---err----g-e-n------c--y----------  -brr--ea--k---------------------------------------------------------------------
22.021 	 22.021
23.028 	 23.028
22.898 	 22.898
21.921 	 21.921
23.472 	 23.472
21.372 	 21.372
22.428 	 22.428
22.122 	 22.122
21.817 	 21.817
21.610 	 21.610
teslativae emergenly break
-------------------------------------------------------------t-e----------------s-----l-a-----------------------------------------------------iv---a-------e----------------- ---em---err----g-e-n------c--y----------  -b-r--ea--k---------------------------------------------------------------------
23.099 	 23.099
21.668 	 21.668
22.185 	 22.185
21.708 	 21.708
22.591 	 22.591
21.639 	 21.639
22.119 	 22.119
22.514 	 22.514
22.001 	 22.001
22.589 	 22.589
teslativathe emergencly break
-------------------------------------------------------------t-e---------------ss-----l-a-----------------------------------------------------iv---a----the------------------ ---em---err----g-e-n------c--y----------  -brr--e---k---------------------------------------------------------------------
22.467 	 22.467
21.433 	 21.433
21.464 	 21.464
23.635 	 23.635
21.954 	 21.954
22.433 	 22.433
22.598 	 22.598
22.062 	 22.062
22.263 	 22.263
23.282 	 23.282
teslativate emergenly break
-------------------------------------------------------------t-e----------------s-----l-a-----------------------------------------------------iv---a----t-e------------------ ---em---err----g-e-n------l--y----------  -brr--e---k---------------------------------------------------------------------
22.184 	 22.184
21.152 	 21.152
22.117 	 22.117
22.276 	 22.276
23.926 	 23.926
22.065 	 22.065
23.324 	 23.324
22.479 	 22.479
21.419 	 21.419
22.314 	 22.314
teslativate emergency break
-------------------------------------------------------------t-e----------------s-----l-a-----------------------------------------------------iv---a----t-e------------------ ---em---err----g-e-n------c--y----------  -brr--ea--k---------------------------------------------------------------------
22.574 	 22.574
21.934 	 21.934
22.561 	 22.561
22.489 	 22.489
22.283 	 22.283
22.329 	 22.329
22.685 	 22.685
22.483 	 22.483
24.448 	 24.448
24.122 	 24.122
teslativae emergencly break
-------------------------------------------------------------t-e---------------s------l-a-----------------------------------------------------iv---a------e----------------------em---err----g-e-n------c--y----------  -brr--e---k---------------------------------------------------------------------
22.550 	 22.550
24.393 	 24.393
20.828 	 20.828
23.807 	 23.807
23.173 	 23.173
24.996 	 24.996
22.564 	 22.564
22.697 	 22.697
21.346 	 21.346
21.925 	 21.925
teslativate emergencly break
-------------------------------------------------------------t-e----------------s-----l-a-----------------------------------------------------iv--------t-e------------------ --e-m---err----g-e-n------c--y----------  -b-r--ea--k---------------------------------------------------------------------
22.133 	 22.133
21.869 	 21.869
22.360 	 22.360
21.769 	 21.769
21.624 	 21.624
22.222 	 22.222
22.475 	 22.475
22.149 	 22.149
22.317 	 22.317
22.335 	 22.335
teslativae emergency break
-------------------------------------------------------------t-e---------------s------l-a-----------------------------------------------------iv---a------e------------------ ---em---err----g-e-n------c--y----------- -b-r--ea--k---------------------------------------------------------------------
22.585 	 22.585
21.911 	 21.911
22.020 	 22.020
22.537 	 22.537
22.790 	 22.790
22.073 	 22.073
21.777 	 21.777
21.762 	 21.762
21.781 	 21.781
22.723 	 22.723
teslativate emergencly break
-------------------------------------------------------------t-e----------------s-----l-a-----------------------------------------------------iv---a----t-e------------------ ---em---err----g-e-n------c--y----------  -brr--ea--k---------------------------------------------------------------------
22.353 	 22.353
22.869 	 22.869
22.065 	 22.065
22.935 	 22.935
22.510 	 22.510
22.195 	 22.195
22.073 	 22.073
22.127 	 22.127
21.524 	 21.524
22.483 	 22.483
teslativate emergency break
-------------------------------------------------------------t-e----------------s-----l-a-----------------------------------------------------iv---a----t-e------------------ ---em---err----g-e-n------c--y----------  -brr--ea--k---------------------------------------------------------------------
23.501 	 23.501
22.157 	 22.157
23.556 	 23.556
22.329 	 22.329
23.042 	 23.042
22.996 	 22.996
22.505 	 22.505
21.511 	 21.511
21.455 	 21.455
21.616 	 21.616
teslativate emergenly break
-------------------------------------------------------------t-e----------------s-----l-a-----------------------------------------------------iv---a----t-e------------------ ---em---err----g-e-n------l--y----------  -brr--ea--k---------------------------------------------------------------------
21.741 	 21.741
24.088 	 24.088
22.515 	 22.515
22.559 	 22.559
21.928 	 21.928
21.775 	 21.775
22.709 	 22.709
22.869 	 22.869
21.744 	 21.744
22.527 	 22.527
teslativte emergencly break
-------------------------------------------------------------t-e----------------s-----l-a-----------------------------------------------------iv--------t-e------------------ ---em---err----g-e-n------c--y----------  -brr--ea--k---------------------------------------------------------------------
21.751 	 21.751
21.993 	 21.993
21.982 	 21.982
23.150 	 23.150
21.714 	 21.714
22.600 	 22.600
23.106 	 23.106
23.134 	 23.134
21.803 	 21.803
21.800 	 21.800
teslativae emergency break
-------------------------------------------------------------t-e----------------s-----l-a-----------------------------------------------------iv---a------e------------------ ---em---err----g-e-n------c--y----------- -b-r--ea--k---------------------------------------------------------------------
23.121 	 23.121
22.036 	 22.036
22.082 	 22.082
22.511 	 22.511
22.255 	 22.255
22.389 	 22.389
22.427 	 22.427
23.728 	 23.728
21.814 	 21.814
22.347 	 22.347
Final distortion 11.805923
