source dB 85.82559585571289
ther calling to us not to give up and to keep on fighting
---------------------------------------the----r---  --c-al-l--i-ng--  t-o-- ---u---s--------   -n-o--tt--  t-o-- -g-ivee-  ----u--p---------  --a-nd- -t-o-  -ke-eepp-   --o-n-----  --f--i-gght------i-ng-------------------------
380.149 	 380.149
293.211 	 293.211
180.982 	 180.982
137.255 	 137.255
110.587 	 110.587
84.705 	 84.705
67.465 	 67.465
88.828 	 88.828
59.156 	 59.156
56.654 	 56.654
 nit petoot
------------------------------------------------------------------------------------------------n-i-----t----------p------------------------------------------------------------------t---o--------o--------t----------------------
50.994 	 50.994
51.304 	 51.304
49.477 	 49.477
44.486 	 44.486
39.572 	 39.572
36.483 	 36.483
36.039 	 36.039
33.528 	 33.528
30.752 	 30.752
29.637 	 29.637
iconmes betooth
-------------------------i--------------------------------------------------o-n-----------------m-e-----s-------- b-e-----------------------------------------------------------------t---o--------o--------th---------------------
26.518 	 26.518
24.241 	 24.241
22.405 	 22.405
20.399 	 20.399
18.530 	 18.530
17.999 	 17.999
17.285 	 17.285
17.237 	 17.237
14.853 	 14.853
17.371 	 17.371
diconnest bltooth
--------------------d----i------------------------------------------------cco-n-----------------n-e-----st------- b-------l-----------------------------------------------------------t---o--------o--------thh--------------------
14.599 	 14.599
13.936 	 13.936
12.540 	 12.540
12.335 	 12.335
10.740 	 10.740
10.665 	 10.665
9.504 	 9.504
8.449 	 8.449
7.725 	 7.725
7.174 	 7.174
disconnect bluetooth
--------------------d----i----------------------------------------------s-cco-n-----------------n-e-----ct------- b-------ll----------------------------------------------u-----e-----t---o--------o-------thh---------------------
6.514 	 6.514
Worked i=0 ctcloss=6.514350 bound=1600.000024
12.249 	 12.249
8.177 	 8.177
7.843 	 7.843
7.585 	 7.585
5.920 	 5.920
6.319 	 6.319
5.688 	 5.688
5.163 	 5.163
4.538 	 4.538
disconnect bluetooth
--------------------d----i----------------------------------------------s--co-n-----------------n-e-----ct------- b-------l------------------------------------------------u----e-----t---o--------o-------thh---------------------
5.173 	 5.173
Worked i=0 ctcloss=5.173034 bound=1280.000091
5.405 	 5.405
4.771 	 4.771
4.068 	 4.068
3.792 	 3.792
3.275 	 3.275
2.903 	 2.903
2.905 	 2.905
2.727 	 2.727
3.107 	 3.107
disconnect bluetooth
--------------------d----i----------------------------------------------s-cco-n-----------------n-e-----ctt------ b-------ll----------------------------------------------u-----e-----t---o--------o-------thh---------------------
3.191 	 3.191
Worked i=0 ctcloss=3.190654 bound=1024.000049
4.585 	 4.585
3.398 	 3.398
2.920 	 2.920
2.494 	 2.494
2.292 	 2.292
2.112 	 2.112
3.119 	 3.119
2.631 	 2.631
1.986 	 1.986
disconnect bluetooth
--------------------d----i---------------------------------------------ss-cco-n-----------------n-e-----ct------- b-------ll----------------------------------------------u-----e-----t---o--------o-------thh---------------------
2.266 	 2.266
Worked i=0 ctcloss=2.265541 bound=819.200039
4.364 	 4.364
3.847 	 3.847
3.247 	 3.247
2.498 	 2.498
2.788 	 2.788
4.394 	 4.394
3.572 	 3.572
2.803 	 2.803
2.593 	 2.593
disconnect bluetooth
--------------------d----i---------------------------------------------ss-cco-n-----------------n-e-----ctt------ b-------ll-----------------------------------------------u----e-----t---o--------o-------thh---------------------
2.220 	 2.220
Worked i=0 ctcloss=2.220111 bound=655.360043
4.552 	 4.552
3.291 	 3.291
3.037 	 3.037
2.477 	 2.477
2.099 	 2.099
1.978 	 1.978
1.882 	 1.882
1.684 	 1.684
1.567 	 1.567
disconnect bluetooth
--------------------d----i----------------------------------------------s-cco-n-----------------n-e-----ctt------ b-------ll-----------------------------------------------u----e-----t---o--------o-------thh---------------------
1.460 	 1.460
Worked i=0 ctcloss=1.460367 bound=524.288058
6.876 	 6.876
3.773 	 3.773
2.926 	 2.926
2.454 	 2.454
2.108 	 2.108
1.769 	 1.769
1.652 	 1.652
1.458 	 1.458
1.298 	 1.298
disconnect bpluetooth
--------------------d----i---------------------------------------------ss-cco-n-----------------n-e----ctt------- b------pll-----------------------------------------------u----e-----t---o--------o-------thh---------------------
2.959 	 2.959
2.165 	 2.165
1.709 	 1.709
1.680 	 1.680
1.432 	 1.432
1.200 	 1.200
1.145 	 1.145
1.188 	 1.188
1.143 	 1.143
1.508 	 1.508
disconnect bluetooth
--------------------d----i---------------------------------------------ss-cco-n-----------------n-e----ctt------- b-------ll-----------------------------------------------u----e-----t---o--------o-------thh---------------------
1.173 	 1.173
Worked i=0 ctcloss=1.172773 bound=419.430465
6.141 	 6.141
3.135 	 3.135
2.407 	 2.407
2.304 	 2.304
1.810 	 1.810
1.401 	 1.401
1.289 	 1.289
1.151 	 1.151
1.037 	 1.037
disconnect bluetooth
--------------------d----i---------------------------------------------ss-cco-n-----------------n-e----ctt------- b-------ll-----------------------------------------------u----e-----t---o--------o-------thh---------------------
0.973 	 0.973
Worked i=0 ctcloss=0.972697 bound=335.544378
8.009 	 8.009
8.230 	 8.230
6.026 	 6.026
4.302 	 4.302
3.023 	 3.023
2.572 	 2.572
2.119 	 2.119
1.709 	 1.709
1.655 	 1.655
disconnect bluetooth
--------------------d----i---------------------------------------------ss-cco-n-----------------n-e----ctt------- b-------ll-----------------------------------------------u----e-----t---o--------o-------thh---------------------
1.501 	 1.501
Worked i=0 ctcloss=1.501149 bound=268.435508
13.096 	 13.096
9.280 	 9.280
7.411 	 7.411
4.536 	 4.536
4.244 	 4.244
3.666 	 3.666
3.533 	 3.533
4.069 	 4.069
3.543 	 3.543
disconnect bluetooth
--------------------d----i---------------------------------------------s--cco-n-----------------n-e----ct-------- b-------ll-----------------------------------------------u----e-----t---o--------o-------thh---------------------
5.656 	 5.656
Worked i=0 ctcloss=5.655659 bound=214.748412
42.770 	 42.770
17.920 	 17.920
17.865 	 17.865
13.825 	 13.825
10.018 	 10.018
8.735 	 8.735
6.880 	 6.880
6.957 	 6.957
5.464 	 5.464
disconnect bluetooth
--------------------d----i---------------------------------------------ss-c-o-n-----------------n-e----ct-------- b-------ll-----------------------------------------------u----e-----t---o---------o------thh---------------------
5.101 	 5.101
Worked i=0 ctcloss=5.101192 bound=171.798736
22.129 	 22.129
17.483 	 17.483
13.929 	 13.929
11.819 	 11.819
10.109 	 10.109
8.990 	 8.990
8.273 	 8.273
7.722 	 7.722
6.558 	 6.558
disconnect bluetooth
--------------------d----i---------------------------------------------s--cco-n-----------------n-e----ct-------- b-------ll-----------------------------------------------u----e-----t---o---------o------thh---------------------
6.280 	 6.280
Worked i=0 ctcloss=6.279647 bound=137.438998
24.682 	 24.682
18.046 	 18.046
16.232 	 16.232
14.658 	 14.658
11.878 	 11.878
12.437 	 12.437
10.864 	 10.864
9.610 	 9.610
8.776 	 8.776
disconnect bluetooth
--------------------d----i------------------------------------------------cco-n-----------------n-e----ct-------  b--------------------------------------------------------u----e-----t---o---------o------thh---------------------
8.619 	 8.619
Worked i=0 ctcloss=8.619263 bound=109.951198
28.694 	 28.694
23.696 	 23.696
18.852 	 18.852
16.671 	 16.671
14.835 	 14.835
13.212 	 13.212
12.220 	 12.220
12.126 	 12.126
10.999 	 10.999
disconnect buetooth
--------------------d----i------------------------------------------------c-o--n----------------n-e----ct-------- b-------------------------------------------------------u-----e-----t---o---------o------thh---------------------
10.552 	 10.552
10.176 	 10.176
9.495 	 9.495
9.478 	 9.478
8.705 	 8.705
8.749 	 8.749
8.597 	 8.597
9.955 	 9.955
8.145 	 8.145
8.595 	 8.595
disconnect beluetooth
--------------------d----i---------------------------------------------s--c-o--n----------------n-e----ct-------  b-e-----ll-----------------------------------------------u----e-----t---o---------o------thh---------------------
7.993 	 7.993
9.264 	 9.264
9.338 	 9.338
9.282 	 9.282
8.250 	 8.250
8.186 	 8.186
7.891 	 7.891
7.432 	 7.432
6.828 	 6.828
6.431 	 6.431
disconnect bluetooth
--------------------d----i---------------------------------------------s--cco--n----------------n-e----ct-------  b--------l----------------------------------------------u-----e-----t---o---------o------thh---------------------
6.290 	 6.290
Worked i=0 ctcloss=6.289829 bound=87.960958
28.580 	 28.580
21.735 	 21.735
20.972 	 20.972
20.083 	 20.083
17.158 	 17.158
17.469 	 17.469
15.290 	 15.290
14.935 	 14.935
14.039 	 14.039
discomect beluetooth
--------------------d----i--------------------------------------------------o--------------------m-e---ct-------- b-e------l----------------------------------------------u-----e-----t---o---------o------thh---------------------
13.397 	 13.397
12.967 	 12.967
12.035 	 12.035
12.050 	 12.050
11.272 	 11.272
11.766 	 11.766
11.091 	 11.091
11.293 	 11.293
11.056 	 11.056
10.424 	 10.424
diconmect bluetooth
--------------------d----i------------------------------------------------c-o--n-----------------m-e---ct-------- b--------l----------------------------------------------u-----e------t--o---------oo-----thh---------------------
9.786 	 9.786
9.768 	 9.768
9.658 	 9.658
8.957 	 8.957
8.700 	 8.700
8.837 	 8.837
8.810 	 8.810
8.338 	 8.338
8.465 	 8.465
8.475 	 8.475
disconnect bluetooth
--------------------d----i---------------------------------------------s--c-o--n-----------------n-e---ct-------- b--------l----------------------------------------------u-----e-----t---o---------o------thh---------------------
8.515 	 8.515
Worked i=0 ctcloss=8.514939 bound=70.368767
55.007 	 55.007
34.509 	 34.509
28.381 	 28.381
25.252 	 25.252
23.864 	 23.864
22.050 	 22.050
20.003 	 20.003
18.718 	 18.718
17.587 	 17.587
dionnec beuetooth
--------------------d----i--------------------------------------------------o--n-----------------n-e---ct-------- b-e-----------------------------------------------------u-----e------t--o----------o-----thh---------------------
16.715 	 16.715
15.608 	 15.608
14.696 	 14.696
14.503 	 14.503
13.930 	 13.930
14.071 	 14.071
13.909 	 13.909
13.247 	 13.247
13.378 	 13.378
12.632 	 12.632
diconmect buetooth
--------------------d----i------------------------------------------------c-o--n-----------------m-e---ct-------- b-------------------------------------------------------u-----e-----t---o----------o-----thh---------------------
12.211 	 12.211
12.324 	 12.324
11.902 	 11.902
12.576 	 12.576
12.003 	 12.003
11.238 	 11.238
12.462 	 12.462
12.095 	 12.095
11.587 	 11.587
11.002 	 11.002
diconnect bluetooth
--------------------d----i------------------------------------------------c-o--n-----------------n-e---ct-------- b--------l----------------------------------------------u-----e-----t---o----------o-----thh---------------------
10.740 	 10.740
10.390 	 10.390
10.154 	 10.154
10.253 	 10.253
9.784 	 9.784
9.408 	 9.408
9.535 	 9.535
9.716 	 9.716
9.263 	 9.263
9.076 	 9.076
diconnect bluetooth
--------------------d----i------------------------------------------------c-o--n-----------------n-e---ct-------- b--------l----------------------------------------------u-----e-----t---o----------o-----thh---------------------
9.582 	 9.582
9.315 	 9.315
9.068 	 9.068
8.983 	 8.983
8.596 	 8.596
8.478 	 8.478
8.622 	 8.622
8.346 	 8.346
8.602 	 8.602
8.150 	 8.150
disconnect beluetooth
--------------------d----i------------------------------------------------c-o--n-----------------n-e---ct-------- b-e------l----------------------------------------------u-----e-----t---o----------o-----thh---------------------
8.942 	 8.942
9.293 	 9.293
8.690 	 8.690
8.446 	 8.446
8.557 	 8.557
8.196 	 8.196
8.391 	 8.391
8.030 	 8.030
7.989 	 7.989
7.836 	 7.836
disconnect bluetooth
--------------------d----i------------------------------------------------c-o--n-----------------n-e---ct-------- b--------l----------------------------------------------u-----e-----t---o----------o-----thh---------------------
7.789 	 7.789
Worked i=0 ctcloss=7.788705 bound=56.295015
44.654 	 44.654
42.174 	 42.174
35.594 	 35.594
26.895 	 26.895
25.993 	 25.993
24.677 	 24.677
23.683 	 23.683
21.232 	 21.232
19.839 	 19.839
dianec beutooth
--------------------d----i--------------------------------------------------a--------------------n-e---ct-------- b-e-----------------------------------------------------u------------t--o----------o-----thh---------------------
18.911 	 18.911
17.750 	 17.750
16.580 	 16.580
15.688 	 15.688
15.575 	 15.575
14.582 	 14.582
14.549 	 14.549
14.124 	 14.124
13.779 	 13.779
13.819 	 13.819
diconect beuetooth
--------------------d----i------------------------------------------------c-o--------------------n-e---ct-------- b-------------------------------------------------------u-----e-----t---o----------o-----thh---------------------
13.934 	 13.934
13.475 	 13.475
13.626 	 13.626
13.533 	 13.533
14.746 	 14.746
15.491 	 15.491
18.935 	 18.935
15.932 	 15.932
15.011 	 15.011
14.975 	 14.975
diconnect beluetooth
--------------------d----i--------------------------------------------------o--n-----------------n-e---ct-------- b-e-----------------------------------------------------u-----e------t--o----------o-----thh---------------------
14.713 	 14.713
15.308 	 15.308
13.411 	 13.411
12.903 	 12.903
12.604 	 12.604
12.344 	 12.344
12.049 	 12.049
11.999 	 11.999
11.837 	 11.837
11.324 	 11.324
diconnect buetooth
--------------------d----i--------------------------------------------------o--n-----------------n-e---ct-------- b--------------------------------------------------------u----e------t--o----------o-----thh---------------------
11.449 	 11.449
11.973 	 11.973
11.478 	 11.478
11.190 	 11.190
11.324 	 11.324
12.627 	 12.627
12.423 	 12.423
11.390 	 11.390
10.748 	 10.748
12.485 	 12.485
diconnect belutooth
--------------------d----i------------------------------------------------c-o--n-----------------n-e---ct-------- b-e-----------l-----------------------------------------u-----------t---o----------o-----thh---------------------
14.568 	 14.568
12.382 	 12.382
10.649 	 10.649
11.731 	 11.731
12.349 	 12.349
11.722 	 11.722
10.352 	 10.352
10.054 	 10.054
10.934 	 10.934
12.845 	 12.845
diconect butooth
--------------------d----i--------------------------------------------------o--------------------n-e---ct-------- b--------------------------------------------------------u-----------t--o----------o-----thh---------------------
12.721 	 12.721
11.533 	 11.533
11.841 	 11.841
12.302 	 12.302
11.045 	 11.045
10.936 	 10.936
10.677 	 10.677
10.723 	 10.723
10.234 	 10.234
9.813 	 9.813
diconect bluetooth
--------------------d----i------------------------------------------------c-o--------------------n-e---ct-------- b--------l----------------------------------------------u-----e------t--o----------o-----thh---------------------
10.102 	 10.102
9.865 	 9.865
9.517 	 9.517
9.291 	 9.291
9.544 	 9.544
9.693 	 9.693
9.372 	 9.372
9.299 	 9.299
10.632 	 10.632
11.026 	 11.026
diconect butooth
--------------------d----i--------------------------------------------------o--------------------n-e---ct-------- b--------------------------------------------------------u----------t---o----------o-----thh---------------------
11.559 	 11.559
11.611 	 11.611
10.600 	 10.600
10.318 	 10.318
10.463 	 10.463
9.871 	 9.871
9.758 	 9.758
9.757 	 9.757
9.922 	 9.922
9.544 	 9.544
diconnect bluetooth
--------------------d----i------------------------------------------------c-o--n-----------------n-e---ct-------- b--------------------------------------------------------u----e------t--o----------o-----thh---------------------
9.352 	 9.352
9.113 	 9.113
8.901 	 8.901
8.562 	 8.562
8.596 	 8.596
8.215 	 8.215
8.729 	 8.729
9.469 	 9.469
8.991 	 8.991
8.525 	 8.525
diconnect bluetooth
--------------------d----i------------------------------------------------c-o--n-----------------n-e---ct-------- b-------------------------------------------------------u-----e------t--o----------o-----thh---------------------
8.416 	 8.416
8.332 	 8.332
8.114 	 8.114
8.006 	 8.006
7.853 	 7.853
7.970 	 7.970
7.768 	 7.768
7.686 	 7.686
7.785 	 7.785
7.735 	 7.735
disconnect bluetooth
--------------------d----i------------------------------------------------c-o--n-----------------n-e---ct-------- b--------l----------------------------------------------u-----e------t--o----------o-----thh---------------------
7.426 	 7.426
Worked i=0 ctcloss=7.425907 bound=45.036014
48.241 	 48.241
38.240 	 38.240
30.637 	 30.637
27.578 	 27.578
25.811 	 25.811
24.947 	 24.947
23.813 	 23.813
23.082 	 23.082
26.468 	 26.468
dis anetgoutioth
--------------------d----i--------------------------------------------------a--------------------n-e---ct---------g-e-o---------------------------------------------------u------------t--i----------o-----thhh--------------------
24.732 	 24.732
22.577 	 22.577
20.972 	 20.972
20.866 	 20.866
20.035 	 20.035
20.307 	 20.307
19.930 	 19.930
18.659 	 18.659
18.230 	 18.230
18.294 	 18.294
dionet utioth
--------------------d----i--------------------------------------------------o--------------------n-e---ct-------- --------------------------------------------------------u------------t--i----------o-----thhh--------------------
17.738 	 17.738
17.363 	 17.363
17.904 	 17.904
16.897 	 16.897
16.525 	 16.525
16.462 	 16.462
15.885 	 15.885
15.809 	 15.809
15.316 	 15.316
15.302 	 15.302
diconect luetooth
--------------------d----i--------------------------------------------------o--------------------n-e---ct-------- ---------------l----------------------------------------u------------t--o----------o-----thhh--------------------
14.995 	 14.995
14.678 	 14.678
14.581 	 14.581
14.989 	 14.989
14.237 	 14.237
13.677 	 13.677
15.031 	 15.031
15.353 	 15.353
15.172 	 15.172
14.941 	 14.941
diconnect blutooth
--------------------d----i--------------------------------------------------o--n-----------------n-e---ct-------- ---------------l-----------------------------------------u-----------t--o----------o-----thh---------------------
15.208 	 15.208
15.065 	 15.065
15.011 	 15.011
14.403 	 14.403
14.545 	 14.545
14.878 	 14.878
13.931 	 13.931
14.005 	 14.005
14.735 	 14.735
14.608 	 14.608
diconnect lutooth
--------------------d----i--------------------------------------------------o--n-----------------n-e---ct-------- ---------------l----------------------------------------u-----------t---o----------o-----thhh--------------------
14.187 	 14.187
13.537 	 13.537
13.228 	 13.228
13.196 	 13.196
12.963 	 12.963
12.540 	 12.540
13.260 	 13.260
12.220 	 12.220
12.203 	 12.203
12.096 	 12.096
diconnect luetooth
--------------------d----i--------------------------------------------------o--n-----------------n-e---ct-------- ---------------l----------------------------------------u-----e------t--o----------o-----thhh--------------------
12.027 	 12.027
12.087 	 12.087
11.761 	 11.761
11.615 	 11.615
11.624 	 11.624
11.887 	 11.887
12.285 	 12.285
12.798 	 12.798
11.793 	 11.793
11.796 	 11.796
diconnect luetooth
--------------------d----i--------------------------------------------------o--n-----------------n-e---ct-------- ---------------l----------------------------------------u-----e------t--o----------o-----thhh--------------------
11.576 	 11.576
11.401 	 11.401
11.503 	 11.503
11.516 	 11.516
11.595 	 11.595
11.346 	 11.346
11.267 	 11.267
11.179 	 11.179
11.749 	 11.749
11.361 	 11.361
diconnect luetooth
--------------------d----i--------------------------------------------------o--n-----------------n-e---ct-------- ---------------l----------------------------------------u-----e------t--o----------o-----thhh--------------------
11.207 	 11.207
11.750 	 11.750
11.488 	 11.488
11.198 	 11.198
11.388 	 11.388
10.995 	 10.995
10.852 	 10.852
11.309 	 11.309
10.800 	 10.800
10.818 	 10.818
diconnect bluetooth
--------------------d----i--------------------------------------------------o--n-----------------n-e---ct-------- ---------------l----------------------------------------u-----e------t--o----------o-----tthh--------------------
10.534 	 10.534
10.609 	 10.609
11.088 	 11.088
10.437 	 10.437
10.457 	 10.457
11.311 	 11.311
10.595 	 10.595
10.648 	 10.648
10.600 	 10.600
10.552 	 10.552
diconnect bluetooth
--------------------d----i--------------------------------------------------o--n-----------------n-e---ct-------- ---------------l----------------------------------------u-----e------t--o----------o-----tthh--------------------
10.421 	 10.421
10.343 	 10.343
10.594 	 10.594
10.371 	 10.371
10.206 	 10.206
10.974 	 10.974
10.829 	 10.829
10.718 	 10.718
10.548 	 10.548
11.084 	 11.084
diconnect bluetooth
--------------------d----i--------------------------------------------------o--n-----------------n-e---ct-------- ---------b-----l----------------------------------------u-----e-----t---o----------o-----tthh--------------------
10.556 	 10.556
10.977 	 10.977
11.580 	 11.580
11.027 	 11.027
11.678 	 11.678
10.891 	 10.891
10.686 	 10.686
10.933 	 10.933
10.593 	 10.593
11.383 	 11.383
diconnect bluetooth
--------------------d----i--------------------------------------------------o--n-----------------n-e---ct-------- ---------b-----l----------------------------------------u-----------tt--o----------o-----tthh--------------------
11.401 	 11.401
11.497 	 11.497
10.704 	 10.704
10.906 	 10.906
11.127 	 11.127
10.984 	 10.984
11.445 	 11.445
10.164 	 10.164
10.565 	 10.565
12.045 	 12.045
diconnect bluetooth
--------------------d----i------------------------------------------------c-o--n-----------------n-e---ct-------- ---------b-----l----------------------------------------u-----e------t--o----------o-----tthh--------------------
11.478 	 11.478
10.714 	 10.714
10.886 	 10.886
10.297 	 10.297
11.055 	 11.055
10.998 	 10.998
10.722 	 10.722
10.237 	 10.237
10.599 	 10.599
11.223 	 11.223
diconnect blutooth
--------------------d----i------------------------------------------------c-o--n-----------------n-e---ct-------- ---------b-----l----------------------------------------u------------t--o----------o-----tthh--------------------
11.096 	 11.096
10.651 	 10.651
10.183 	 10.183
10.273 	 10.273
10.424 	 10.424
10.477 	 10.477
10.633 	 10.633
10.525 	 10.525
10.726 	 10.726
12.840 	 12.840
diconnect blutooth
--------------------d----i------------------------------------------------c-o--n-----------------n-e---ct-------- --e------b-----l----------------------------------------u-----------t---o----------o-----tthh--------------------
13.453 	 13.453
11.894 	 11.894
11.072 	 11.072
11.136 	 11.136
10.931 	 10.931
10.954 	 10.954
10.924 	 10.924
10.934 	 10.934
11.560 	 11.560
10.937 	 10.937
diconnect bluetooth
--------------------d----i------------------------------------------------c-o--n-----------------n-e---ct-------- ---------b-----l----------------------------------------u-----e------t--o----------o-----tthh--------------------
10.395 	 10.395
10.601 	 10.601
10.801 	 10.801
10.571 	 10.571
10.669 	 10.669
10.416 	 10.416
10.322 	 10.322
10.768 	 10.768
10.916 	 10.916
11.295 	 11.295
diconnect bluetooth
--------------------d----i--------------------------------------------------o--n-----------------n-e---ct-------- ---------b-----l----------------------------------------u------------t--o----------o-----tthh--------------------
11.089 	 11.089
10.364 	 10.364
10.622 	 10.622
11.225 	 11.225
10.400 	 10.400
10.657 	 10.657
11.025 	 11.025
10.591 	 10.591
11.199 	 11.199
10.692 	 10.692
diconnect bluetooth
--------------------d----i------------------------------------------------c-o--n-----------------n-e---ct-------- ---------b-----l----------------------------------------u-----e------t--o----------o-----tthh--------------------
10.355 	 10.355
10.078 	 10.078
9.962 	 9.962
9.951 	 9.951
9.999 	 9.999
9.969 	 9.969
10.191 	 10.191
10.037 	 10.037
10.080 	 10.080
9.920 	 9.920
diconnect bluetooth
--------------------d----i-------------------------------------------------co--n-----------------n-e---ct-------- ---------b-----l----------------------------------------u-----e------t--o----------o-----tthh--------------------
10.165 	 10.165
9.862 	 9.862
9.998 	 9.998
9.828 	 9.828
11.475 	 11.475
11.192 	 11.192
10.854 	 10.854
10.723 	 10.723
10.741 	 10.741
10.172 	 10.172
diconnect bluetooth
--------------------d----i--------------------------------------------------o--n-----------------n-e---ct-------- ---------b-----l----------------------------------------u------------t--o----------o-----tthh--------------------
10.021 	 10.021
10.059 	 10.059
10.012 	 10.012
10.081 	 10.081
10.334 	 10.334
10.134 	 10.134
9.612 	 9.612
9.855 	 9.855
10.177 	 10.177
9.699 	 9.699
diconnect bluetooth
--------------------d----i------------------------------------------------c-o--n-----------------n-e---ct-------- ---------b-----l----------------------------------------u-----e-----t---o----------o-----tthh--------------------
9.610 	 9.610
9.708 	 9.708
9.821 	 9.821
9.681 	 9.681
10.520 	 10.520
9.895 	 9.895
9.954 	 9.954
10.185 	 10.185
9.772 	 9.772
9.357 	 9.357
diconnect bluetooth
--------------------d----i------------------------------------------------c-o--n-----------------n-e---ct-------- ---------b-----l----------------------------------------u-----e------t--o----------o-----tthh--------------------
9.873 	 9.873
9.840 	 9.840
9.792 	 9.792
9.866 	 9.866
9.879 	 9.879
9.509 	 9.509
9.578 	 9.578
9.738 	 9.738
9.584 	 9.584
9.351 	 9.351
diconnect bluetooth
--------------------d----i-------------------------------------------------co--n-----------------n-e---ct-------- ---------b-----l----------------------------------------u-----e------t--o----------o-----tthh--------------------
9.440 	 9.440
9.558 	 9.558
9.408 	 9.408
9.278 	 9.278
9.591 	 9.591
9.671 	 9.671
9.508 	 9.508
9.152 	 9.152
9.172 	 9.172
9.111 	 9.111
diconnect bluetooth
--------------------d----i------------------------------------------------cco--n-----------------n-e---ct-------- ---------b-----l----------------------------------------u-----e------t--o----------o-----tthh--------------------
9.265 	 9.265
8.917 	 8.917
9.202 	 9.202
9.097 	 9.097
9.223 	 9.223
9.273 	 9.273
9.369 	 9.369
9.547 	 9.547
9.395 	 9.395
9.030 	 9.030
diconnect bluetooth
--------------------d----i------------------------------------------------cco--n-----------------n-e---ct-------- ---------b-----l----------------------------------------u-----e------t--o----------o-----tthh--------------------
9.291 	 9.291
9.581 	 9.581
9.008 	 9.008
9.549 	 9.549
9.633 	 9.633
8.928 	 8.928
8.930 	 8.930
10.250 	 10.250
9.414 	 9.414
9.230 	 9.230
diconnect bluetooth
--------------------d----i-------------------------------------------------co--n-----------------n-e---ct-------- ---------b-----l----------------------------------------u-----e------t--o----------o-----tthh--------------------
9.007 	 9.007
9.097 	 9.097
9.379 	 9.379
9.236 	 9.236
9.044 	 9.044
8.910 	 8.910
8.843 	 8.843
8.834 	 8.834
9.543 	 9.543
9.572 	 9.572
diconnect bluetooth
--------------------d----i------------------------------------------------cco--n-----------------n-e---ct-------- ---------b-----l----------------------------------------u------------t--o----------o-----tthh--------------------
9.312 	 9.312
8.896 	 8.896
8.795 	 8.795
9.087 	 9.087
8.692 	 8.692
9.010 	 9.010
9.012 	 9.012
9.416 	 9.416
8.652 	 8.652
8.744 	 8.744
diconnect bluetooth
--------------------d----i-------------------------------------------------co--n-----------------n-e---ct-------- ---------b-----l----------------------------------------u-----e------t--o----------o-----tthh--------------------
8.765 	 8.765
8.744 	 8.744
8.657 	 8.657
8.634 	 8.634
8.874 	 8.874
8.828 	 8.828
8.881 	 8.881
8.732 	 8.732
9.266 	 9.266
9.393 	 9.393
diconnect bluetooth
--------------------d----i------------------------------------------------cco--n-----------------n-e---ct-------- ---------b-----l----------------------------------------u-----e------t--o----------o-----tthh--------------------
8.724 	 8.724
8.954 	 8.954
9.122 	 9.122
8.946 	 8.946
8.655 	 8.655
9.453 	 9.453
9.178 	 9.178
8.989 	 8.989
9.175 	 9.175
8.884 	 8.884
diconnect bluetooth
--------------------d----i-------------------------------------------------co--n-----------------n-e---ct-------- ---------b-----l----------------------------------------u-----e------t--o----------o-----tthh--------------------
8.870 	 8.870
8.669 	 8.669
8.646 	 8.646
9.019 	 9.019
8.676 	 8.676
8.784 	 8.784
8.866 	 8.866
9.149 	 9.149
8.634 	 8.634
8.845 	 8.845
diconnect bluetooth
--------------------d----i------------------------------------------------cco--n-----------------n-e---ct-------- ---------b-----l----------------------------------------u-----e------t--o----------o-----tthh--------------------
8.608 	 8.608
8.816 	 8.816
9.077 	 9.077
9.287 	 9.287
8.898 	 8.898
8.846 	 8.846
8.743 	 8.743
8.937 	 8.937
8.690 	 8.690
8.503 	 8.503
diconnect bluetooth
--------------------d----i------------------------------------------------cco--n-----------------n-e---ct-------- ---------b-----l----------------------------------------u-----e------t--o----------o-----tthh--------------------
8.598 	 8.598
8.621 	 8.621
8.663 	 8.663
8.736 	 8.736
9.101 	 9.101
8.933 	 8.933
9.154 	 9.154
8.780 	 8.780
9.079 	 9.079
8.978 	 8.978
diconnect bluetooth
--------------------d----i------------------------------------------------cco--n-----------------n-e---ct-------- ---------b-----l----------------------------------------u-----e------t--o----------o-----tthh--------------------
8.535 	 8.535
9.002 	 9.002
8.805 	 8.805
9.111 	 9.111
8.814 	 8.814
8.633 	 8.633
8.973 	 8.973
9.964 	 9.964
8.980 	 8.980
8.773 	 8.773
diconnect bluetooth
--------------------d----i------------------------------------------------cco--n-----------------n-e---ct-------- ---------b-----l----------------------------------------u-----e------t--o----------o-----tthh--------------------
8.737 	 8.737
9.525 	 9.525
8.825 	 8.825
9.011 	 9.011
9.216 	 9.216
8.956 	 8.956
9.051 	 9.051
9.323 	 9.323
9.077 	 9.077
8.924 	 8.924
diconnect bluetooth
--------------------d----i------------------------------------------------cco--n-----------------n-e---ct-------- ---------b-----l----------------------------------------u------------t--o----------o-----tthh--------------------
9.156 	 9.156
9.510 	 9.510
9.331 	 9.331
9.131 	 9.131
8.707 	 8.707
9.127 	 9.127
8.812 	 8.812
9.089 	 9.089
9.151 	 9.151
9.217 	 9.217
diconnect bluetooth
--------------------d----i------------------------------------------------cco--n-----------------n-e---ct-------- ---------b-----l----------------------------------------u-----e------t--o----------o-----tthh--------------------
9.162 	 9.162
9.435 	 9.435
9.260 	 9.260
9.465 	 9.465
8.818 	 8.818
8.652 	 8.652
8.911 	 8.911
8.849 	 8.849
8.646 	 8.646
9.128 	 9.128
diconnect bluetooth
--------------------d----i------------------------------------------------cco--n-----------------n-e---ct-------- ---------b-----l----------------------------------------u------------t--o----------o-----tthh--------------------
9.197 	 9.197
8.649 	 8.649
8.636 	 8.636
8.592 	 8.592
8.541 	 8.541
8.611 	 8.611
8.826 	 8.826
8.596 	 8.596
8.494 	 8.494
9.185 	 9.185
diconnect bluetooth
--------------------d----i------------------------------------------------cco--n-----------------n-e---ct-------- ---------b-----l----------------------------------------u------------t--o----------o-----tthh--------------------
9.211 	 9.211
9.221 	 9.221
8.890 	 8.890
8.545 	 8.545
8.852 	 8.852
8.904 	 8.904
8.867 	 8.867
8.768 	 8.768
8.588 	 8.588
8.430 	 8.430
diconnect bluetooth
--------------------d----i------------------------------------------------cco--n-----------------n-e---ct-------- ---------b-----l----------------------------------------u------------t--o----------o-----tthh--------------------
8.827 	 8.827
9.407 	 9.407
8.786 	 8.786
8.808 	 8.808
8.548 	 8.548
8.643 	 8.643
8.632 	 8.632
8.655 	 8.655
8.539 	 8.539
8.613 	 8.613
diconnect bluetooth
--------------------d----i------------------------------------------------cco--n-----------------n-e---ct-------- ---------b-----l----------------------------------------u-----e------t--o----------o-----tthh--------------------
8.665 	 8.665
8.681 	 8.681
8.691 	 8.691
8.591 	 8.591
8.629 	 8.629
8.679 	 8.679
9.387 	 9.387
8.987 	 8.987/u/zw9ga/.conda/envs/ml/lib/python3.6/site-packages/tensorflow/python/framework/dtypes.py:517: FutureWarning: Passing (type, 1) or '1type' as a synonym of type is deprecated; in a future version of numpy, it will be understood as (type, (1,)) / '(1,)type'.
  _np_qint8 = np.dtype([("qint8", np.int8, 1)])
/u/zw9ga/.conda/envs/ml/lib/python3.6/site-packages/tensorflow/python/framework/dtypes.py:518: FutureWarning: Passing (type, 1) or '1type' as a synonym of type is deprecated; in a future version of numpy, it will be understood as (type, (1,)) / '(1,)type'.
  _np_quint8 = np.dtype([("quint8", np.uint8, 1)])
/u/zw9ga/.conda/envs/ml/lib/python3.6/site-packages/tensorflow/python/framework/dtypes.py:519: FutureWarning: Passing (type, 1) or '1type' as a synonym of type is deprecated; in a future version of numpy, it will be understood as (type, (1,)) / '(1,)type'.
  _np_qint16 = np.dtype([("qint16", np.int16, 1)])
/u/zw9ga/.conda/envs/ml/lib/python3.6/site-packages/tensorflow/python/framework/dtypes.py:520: FutureWarning: Passing (type, 1) or '1type' as a synonym of type is deprecated; in a future version of numpy, it will be understood as (type, (1,)) / '(1,)type'.
  _np_quint16 = np.dtype([("quint16", np.uint16, 1)])
/u/zw9ga/.conda/envs/ml/lib/python3.6/site-packages/tensorflow/python/framework/dtypes.py:521: FutureWarning: Passing (type, 1) or '1type' as a synonym of type is deprecated; in a future version of numpy, it will be understood as (type, (1,)) / '(1,)type'.
  _np_qint32 = np.dtype([("qint32", np.int32, 1)])
/u/zw9ga/.conda/envs/ml/lib/python3.6/site-packages/tensorflow/python/framework/dtypes.py:526: FutureWarning: Passing (type, 1) or '1type' as a synonym of type is deprecated; in a future version of numpy, it will be understood as (type, (1,)) / '(1,)type'.
  np_resource = np.dtype([("resource", np.ubyte, 1)])

8.463 	 8.463
8.713 	 8.713
diconnect bluetooth
--------------------d----i------------------------------------------------cco--n-----------------n-e---ct-------- ---------b-----l----------------------------------------u-----e------t--o----------o-----tthh--------------------
9.036 	 9.036
9.155 	 9.155
8.602 	 8.602
8.620 	 8.620
8.653 	 8.653
8.927 	 8.927
8.761 	 8.761
8.656 	 8.656
8.773 	 8.773
8.634 	 8.634
diconnect bluetooth
--------------------d----i------------------------------------------------cco--n-----------------n-e---ct-------- ---------b-----l----------------------------------------u-----e------t--o----------o-----tthh--------------------
8.598 	 8.598
8.968 	 8.968
9.128 	 9.128
8.820 	 8.820
8.369 	 8.369
8.600 	 8.600
8.541 	 8.541
8.470 	 8.470
8.511 	 8.511
8.854 	 8.854
diconnect bluetooth
--------------------d----i------------------------------------------------cco--n-----------------n-e---ct-------- ---------b-----l----------------------------------------u-----e------t--o----------o-----tthh--------------------
8.330 	 8.330
8.445 	 8.445
8.333 	 8.333
8.484 	 8.484
8.368 	 8.368
8.299 	 8.299
8.349 	 8.349
8.363 	 8.363
8.200 	 8.200
8.417 	 8.417
diconnect bluetooth
--------------------d----i------------------------------------------------cco--n-----------------n-e---ct-------- ---------b-----l----------------------------------------u-----e------t--o----------o-----tthh--------------------
8.349 	 8.349
8.188 	 8.188
8.543 	 8.543
8.543 	 8.543
8.252 	 8.252
8.290 	 8.290
8.184 	 8.184
8.360 	 8.360
8.162 	 8.162
8.403 	 8.403
diconnect bluetooth
--------------------d----i------------------------------------------------cco--n-----------------n-e---ct-------- ---------b-----l----------------------------------------u-----e------t--o----------o-----tthh--------------------
8.387 	 8.387
8.385 	 8.385
8.822 	 8.822
8.810 	 8.810
8.508 	 8.508
9.092 	 9.092
8.934 	 8.934
8.632 	 8.632
8.527 	 8.527
9.183 	 9.183
diconnect bluetooth
--------------------d----i------------------------------------------------cco--n-----------------n-e---ct-------- ---------b-----l----------------------------------------u-----e------t--o----------o-----tthh--------------------
9.035 	 9.035
8.455 	 8.455
8.458 	 8.458
8.505 	 8.505
8.651 	 8.651
8.604 	 8.604
8.535 	 8.535
8.368 	 8.368
8.586 	 8.586
8.398 	 8.398
diconnect bluetooth
--------------------d----i------------------------------------------------cco--n-----------------n-e---ct-------- ---------b-----l----------------------------------------u-----e------t--o----------o-----tthh--------------------
8.201 	 8.201
8.360 	 8.360
8.530 	 8.530
8.476 	 8.476
8.242 	 8.242
8.300 	 8.300
8.907 	 8.907
8.248 	 8.248
8.247 	 8.247
8.714 	 8.714
diconnect bluetooth
--------------------d----i------------------------------------------------cco--n-----------------n-e---ct-------- ---------b-----l----------------------------------------u-----e------t--o----------o-----tthh--------------------
8.104 	 8.104
8.136 	 8.136
8.146 	 8.146
8.431 	 8.431
8.419 	 8.419
8.212 	 8.212
8.319 	 8.319
8.061 	 8.061
8.056 	 8.056
8.021 	 8.021
diconnect bluetooth
--------------------d----i------------------------------------------------cco--n-----------------n-e---ct-------- ---------b-----l----------------------------------------u-----e------t--o----------o-----tthh--------------------
8.241 	 8.241
8.841 	 8.841
8.428 	 8.428
8.018 	 8.018
8.107 	 8.107
8.058 	 8.058
8.137 	 8.137
8.158 	 8.158
8.468 	 8.468
8.176 	 8.176
diconnect bluetooth
--------------------d----i------------------------------------------------cco--n-----------------n-e---ct-------- ---------b-----l----------------------------------------u-----e------t--o----------o-----tthh--------------------
8.266 	 8.266
8.207 	 8.207
8.458 	 8.458
8.444 	 8.444
8.005 	 8.005
8.082 	 8.082
8.110 	 8.110
8.239 	 8.239
8.511 	 8.511
8.480 	 8.480
diconnect bluetooth
--------------------d----i------------------------------------------------cco--n-----------------n-e---ct-------- ---------b-----l----------------------------------------u-----e------t--o----------o-----tthh--------------------
8.113 	 8.113
8.151 	 8.151
8.176 	 8.176
8.404 	 8.404
8.117 	 8.117
8.270 	 8.270
8.089 	 8.089
7.927 	 7.927
8.280 	 8.280
8.624 	 8.624
diconnect bluetooth
--------------------d----i------------------------------------------------cco--n-----------------n-e---ct-------- ---------b-----l----------------------------------------u-----e------t--o----------o-----tthh--------------------
8.508 	 8.508
8.247 	 8.247
8.427 	 8.427
8.507 	 8.507
8.110 	 8.110
8.404 	 8.404
8.978 	 8.978
8.360 	 8.360
8.385 	 8.385
8.634 	 8.634
diconnect bluetooth
--------------------d----i------------------------------------------------cco--n-----------------n-e---ct-------- ---------b-----l----------------------------------------u-----e------t--o----------o-----tthh--------------------
8.533 	 8.533
8.541 	 8.541
8.850 	 8.850
8.665 	 8.665
8.700 	 8.700
8.618 	 8.618
8.770 	 8.770
8.551 	 8.551
9.220 	 9.220
9.516 	 9.516
diconnect blumetooth
--------------------d----i-------------------------------------------------co--n-----------------n-e---ct-------- ---------b-----l----------------------------------------u----m-------t--o----------o-----tthh--------------------
9.354 	 9.354
9.165 	 9.165
8.619 	 8.619
8.616 	 8.616
8.534 	 8.534
8.410 	 8.410
8.307 	 8.307
8.650 	 8.650
8.879 	 8.879
8.280 	 8.280
diconnect bluetooth
--------------------d----i------------------------------------------------cco--n-----------------n-e---ct-------- ---------b-----l----------------------------------------u-----e------t--o----------o-----tthh--------------------
8.048 	 8.048
8.450 	 8.450
8.484 	 8.484
8.332 	 8.332
8.874 	 8.874
8.038 	 8.038
8.213 	 8.213
8.199 	 8.199
8.363 	 8.363
8.049 	 8.049
diconnect blumetooth
--------------------d----i------------------------------------------------cco--n-----------------n-e---ct-------- ---------b-----l----------------------------------------u----m-------t--o----------o-----tthh--------------------
8.726 	 8.726
8.899 	 8.899
8.661 	 8.661
8.568 	 8.568
8.219 	 8.219
8.371 	 8.371
8.268 	 8.268
8.471 	 8.471
8.149 	 8.149
8.067 	 8.067
diconnect bluetooth
--------------------d----i------------------------------------------------cco--n-----------------n-e---ct-------- ---------b-----l----------------------------------------u-----e------t--o----------o-----tthh--------------------
8.041 	 8.041
8.412 	 8.412
8.180 	 8.180
8.091 	 8.091
7.969 	 7.969
8.244 	 8.244
8.116 	 8.116
8.173 	 8.173
8.287 	 8.287
8.099 	 8.099
diconnect bluetooth
--------------------d----i------------------------------------------------cco--n-----------------n-e---ct-------- ---------b-----l----------------------------------------u-----e------t--o----------o-----tthh--------------------
8.292 	 8.292
8.916 	 8.916
8.753 	 8.753
9.022 	 9.022
8.503 	 8.503
8.434 	 8.434
8.011 	 8.011
8.273 	 8.273
8.258 	 8.258
8.331 	 8.331
diconnect bluetooth
--------------------d----i------------------------------------------------cco--n-----------------n-e---ct-------- ---------b-----l----------------------------------------u-----e------t--o----------o-----tthh--------------------
8.133 	 8.133
8.230 	 8.230
8.423 	 8.423
8.299 	 8.299
8.080 	 8.080
8.122 	 8.122
8.027 	 8.027
8.194 	 8.194
8.091 	 8.091
8.209 	 8.209
Final distortion 56.295044
