source dB 87.67630577087402
i wish you would n't
--------------------------------i---  w-i-shh  you-  wou-ld-- --nnn'tt-----------------------------
154.887 	 154.887
128.550 	 128.550
97.655 	 97.655
64.729 	 64.729
46.232 	 46.232
32.303 	 32.303
30.485 	 30.485
28.201 	 28.201
26.033 	 26.033
24.376 	 24.376
wlivin
---------------------------------------w----------------i-v--iin-----------------------------------
22.269 	 22.269
21.764 	 21.764
20.424 	 20.424
19.606 	 19.606
20.387 	 20.387
17.860 	 17.860
16.799 	 16.799
16.588 	 16.588
17.020 	 17.020
15.396 	 15.396
 was ivil
---------------------------------------w-a-s-------------iv---il-----------------------------------
14.928 	 14.928
14.945 	 14.945
14.157 	 14.157
13.163 	 13.163
12.623 	 12.623
12.903 	 12.903
11.492 	 11.492
12.765 	 12.765
12.086 	 12.086
12.026 	 12.026
wal evil
---------------------------------------w-a-l-----------l-evv--il-----------------------------------
10.790 	 10.790
10.438 	 10.438
10.851 	 10.851
9.614 	 9.614
9.154 	 9.154
8.377 	 8.377
8.116 	 8.116
7.293 	 7.293
7.251 	 7.251
7.220 	 7.220
wallevil
---------------------------------------w-a-l-----------l ev---il-----------------------------------
6.325 	 6.325
6.049 	 6.049
5.532 	 5.532
5.205 	 5.205
5.841 	 5.841
4.793 	 4.793
5.250 	 5.250
5.223 	 5.223
4.875 	 4.875
4.379 	 4.379
call evil
---------------------------------------c-a-l-----------l evv--il-----------------------------------
4.289 	 4.289
Worked i=0 ctcloss=4.288854 bound=1600.000024
5.087 	 5.087
5.099 	 5.099
4.717 	 4.717
4.429 	 4.429
4.238 	 4.238
4.184 	 4.184
4.011 	 4.011
3.592 	 3.592
3.815 	 3.815
call evil
---------------------------------------c-a-l-----------l ev---il-----------------------------------
3.339 	 3.339
Worked i=0 ctcloss=3.339308 bound=1280.000091
5.397 	 5.397
5.096 	 5.096
4.956 	 4.956
4.080 	 4.080
4.088 	 4.088
3.867 	 3.867
3.951 	 3.951
3.690 	 3.690
3.511 	 3.511
call evil
---------------------------------------c-a-l-----------l evv--il-----------------------------------
3.144 	 3.144
Worked i=0 ctcloss=3.144363 bound=1024.000049
7.108 	 7.108
5.389 	 5.389
6.402 	 6.402
4.848 	 4.848
3.916 	 3.916
3.961 	 3.961
3.683 	 3.683
3.371 	 3.371
3.239 	 3.239
call evil
---------------------------------------c-a-l-----------l evv--il-----------------------------------
3.287 	 3.287
Worked i=0 ctcloss=3.287138 bound=819.200039
5.289 	 5.289
4.710 	 4.710
4.397 	 4.397
3.775 	 3.775
3.503 	 3.503
3.317 	 3.317
3.757 	 3.757
3.182 	 3.182
3.045 	 3.045
call evil
---------------------------------------c-a-l-----------l evv--il-----------------------------------
3.244 	 3.244
Worked i=0 ctcloss=3.244093 bound=655.360043
6.364 	 6.364
5.085 	 5.085
5.039 	 5.039
4.480 	 4.480
3.863 	 3.863
3.589 	 3.589
3.411 	 3.411
3.161 	 3.161
3.384 	 3.384
call evil
---------------------------------------c-a-l-----------l evv--il-----------------------------------
3.002 	 3.002
Worked i=0 ctcloss=3.002259 bound=524.288058
6.843 	 6.843
6.281 	 6.281
5.930 	 5.930
5.388 	 5.388
4.825 	 4.825
4.349 	 4.349
4.124 	 4.124
3.874 	 3.874
3.509 	 3.509
call evil
---------------------------------------c-a-l-----------l evv--il-----------------------------------
3.468 	 3.468
Worked i=0 ctcloss=3.467646 bound=419.430465
14.565 	 14.565
11.118 	 11.118
7.498 	 7.498
6.611 	 6.611
6.218 	 6.218
5.344 	 5.344
5.004 	 5.004
5.162 	 5.162
4.569 	 4.569
call evil
---------------------------------------c-a-l-----------l evv--il-----------------------------------
4.671 	 4.671
Worked i=0 ctcloss=4.671190 bound=335.544378
11.727 	 11.727
9.659 	 9.659
11.323 	 11.323
8.413 	 8.413
7.641 	 7.641
6.399 	 6.399
6.751 	 6.751
6.496 	 6.496
5.825 	 5.825
wallevil
---------------------------------------w-a-l-----------l-evv--il-----------------------------------
5.579 	 5.579
5.335 	 5.335
5.588 	 5.588
4.864 	 4.864
4.862 	 4.862
4.665 	 4.665
4.659 	 4.659
4.539 	 4.539
4.408 	 4.408
4.328 	 4.328
call evil
---------------------------------------c-a-l-----------l evv--il-----------------------------------
4.073 	 4.073
Worked i=0 ctcloss=4.072581 bound=268.435508
13.423 	 13.423
10.116 	 10.116
12.556 	 12.556
8.201 	 8.201
7.703 	 7.703
6.979 	 6.979
6.842 	 6.842
6.227 	 6.227
5.867 	 5.867
wallevil
---------------------------------------w-a-l-----------l-e-v--il-----------------------------------
6.542 	 6.542
6.486 	 6.486
6.028 	 6.028
5.515 	 5.515
6.350 	 6.350
6.437 	 6.437
5.387 	 5.387
5.551 	 5.551
5.634 	 5.634
5.611 	 5.611
callevil
---------------------------------------c-a-l-----------l-evv--il-----------------------------------
4.991 	 4.991
6.009 	 6.009
6.221 	 6.221
5.747 	 5.747
5.058 	 5.058
5.023 	 5.023
5.843 	 5.843
5.546 	 5.546
4.874 	 4.874
5.350 	 5.350
wall evil
---------------------------------------w-a-l-----------l evv--il-----------------------------------
5.304 	 5.304
4.613 	 4.613
4.656 	 4.656
4.560 	 4.560
4.772 	 4.772
4.665 	 4.665
4.433 	 4.433
4.302 	 4.302
4.292 	 4.292
4.144 	 4.144
call evil
---------------------------------------c-a-l-----------l e-v--il-----------------------------------
4.120 	 4.120
Worked i=0 ctcloss=4.119530 bound=214.748412
19.682 	 19.682
15.500 	 15.500
11.584 	 11.584
12.781 	 12.781
11.373 	 11.373
9.271 	 9.271
8.767 	 8.767
8.140 	 8.140
7.422 	 7.422
wallevil
---------------------------------------w-a-l-----------l-e-v--il-----------------------------------
6.775 	 6.775
6.277 	 6.277
5.943 	 5.943
5.957 	 5.957
5.731 	 5.731
5.612 	 5.612
5.396 	 5.396
5.509 	 5.509
5.183 	 5.183
5.684 	 5.684
callevil
---------------------------------------c-a-l-----------l-e-v--il-----------------------------------
5.351 	 5.351
5.414 	 5.414
5.349 	 5.349
5.313 	 5.313
5.198 	 5.198
5.063 	 5.063
4.877 	 4.877
5.012 	 5.012
4.779 	 4.779
4.790 	 4.790
callevil
---------------------------------------c-a-l-----------l e-v--il-----------------------------------
4.662 	 4.662
4.835 	 4.835
4.713 	 4.713
4.596 	 4.596
4.593 	 4.593
4.552 	 4.552
4.421 	 4.421
4.474 	 4.474
4.301 	 4.301
4.429 	 4.429
callevil
---------------------------------------c-a-l-----------l e-v--il-----------------------------------
4.391 	 4.391
4.214 	 4.214
4.250 	 4.250
4.228 	 4.228
3.981 	 3.981
3.990 	 3.990
3.908 	 3.908
4.002 	 4.002
3.822 	 3.822
4.560 	 4.560
callevil
---------------------------------------c-a-l-----------l e-v--il-----------------------------------
4.253 	 4.253
3.804 	 3.804
3.806 	 3.806
3.806 	 3.806
3.707 	 3.707
3.871 	 3.871
3.784 	 3.784
3.745 	 3.745
3.733 	 3.733
3.696 	 3.696
call evil
---------------------------------------c-a-l-----------l e-v--il-----------------------------------
3.635 	 3.635
Worked i=0 ctcloss=3.635205 bound=171.798736
22.854 	 22.854
21.046 	 21.046
16.406 	 16.406
10.564 	 10.564
12.334 	 12.334
12.182 	 12.182
11.884 	 11.884
11.401 	 11.401
11.238 	 11.238
walivil
---------------------------------------w-a-l------------i-v---il-----------------------------------
10.780 	 10.780
10.719 	 10.719
10.272 	 10.272
10.140 	 10.140
9.969 	 9.969
9.642 	 9.642
9.538 	 9.538
9.175 	 9.175
8.939 	 8.939
8.758 	 8.758
callivil
---------------------------------------c-a-l----------l-i-v---il-----------------------------------
8.683 	 8.683
8.280 	 8.280
8.815 	 8.815
8.752 	 8.752
8.211 	 8.211
9.051 	 9.051
9.402 	 9.402
8.521 	 8.521
8.114 	 8.114
7.994 	 7.994
callevil
---------------------------------------c-a-l----------l-e-v---il-----------------------------------
7.598 	 7.598
8.205 	 8.205
7.445 	 7.445
7.243 	 7.243
7.129 	 7.129
7.112 	 7.112
7.139 	 7.139
7.007 	 7.007
6.891 	 6.891
6.721 	 6.721
callevil
---------------------------------------c-a-l----------l-e-v---il-----------------------------------
6.773 	 6.773
6.584 	 6.584
6.808 	 6.808
6.764 	 6.764
6.419 	 6.419
6.362 	 6.362
6.267 	 6.267
6.162 	 6.162
6.060 	 6.060
5.990 	 5.990
callevil
---------------------------------------c-a-l----------l-e-v---il-----------------------------------
5.995 	 5.995
5.921 	 5.921
5.818 	 5.818
6.156 	 6.156
5.974 	 5.974
5.771 	 5.771
5.830 	 5.830
5.717 	 5.717
5.743 	 5.743
5.646 	 5.646
callevil
---------------------------------------c-a-l----------l-e-v---il-----------------------------------/u/zw9ga/.conda/envs/ml/lib/python3.6/site-packages/tensorflow/python/framework/dtypes.py:517: FutureWarning: Passing (type, 1) or '1type' as a synonym of type is deprecated; in a future version of numpy, it will be understood as (type, (1,)) / '(1,)type'.
  _np_qint8 = np.dtype([("qint8", np.int8, 1)])
/u/zw9ga/.conda/envs/ml/lib/python3.6/site-packages/tensorflow/python/framework/dtypes.py:518: FutureWarning: Passing (type, 1) or '1type' as a synonym of type is deprecated; in a future version of numpy, it will be understood as (type, (1,)) / '(1,)type'.
  _np_quint8 = np.dtype([("quint8", np.uint8, 1)])
/u/zw9ga/.conda/envs/ml/lib/python3.6/site-packages/tensorflow/python/framework/dtypes.py:519: FutureWarning: Passing (type, 1) or '1type' as a synonym of type is deprecated; in a future version of numpy, it will be understood as (type, (1,)) / '(1,)type'.
  _np_qint16 = np.dtype([("qint16", np.int16, 1)])
/u/zw9ga/.conda/envs/ml/lib/python3.6/site-packages/tensorflow/python/framework/dtypes.py:520: FutureWarning: Passing (type, 1) or '1type' as a synonym of type is deprecated; in a future version of numpy, it will be understood as (type, (1,)) / '(1,)type'.
  _np_quint16 = np.dtype([("quint16", np.uint16, 1)])
/u/zw9ga/.conda/envs/ml/lib/python3.6/site-packages/tensorflow/python/framework/dtypes.py:521: FutureWarning: Passing (type, 1) or '1type' as a synonym of type is deprecated; in a future version of numpy, it will be understood as (type, (1,)) / '(1,)type'.
  _np_qint32 = np.dtype([("qint32", np.int32, 1)])
/u/zw9ga/.conda/envs/ml/lib/python3.6/site-packages/tensorflow/python/framework/dtypes.py:526: FutureWarning: Passing (type, 1) or '1type' as a synonym of type is deprecated; in a future version of numpy, it will be understood as (type, (1,)) / '(1,)type'.
  np_resource = np.dtype([("resource", np.ubyte, 1)])

5.711 	 5.711
5.738 	 5.738
5.846 	 5.846
5.790 	 5.790
5.637 	 5.637
5.529 	 5.529
5.656 	 5.656
5.545 	 5.545
5.586 	 5.586
5.665 	 5.665
callevil
---------------------------------------c-a-l----------l-e-v---il-----------------------------------
5.429 	 5.429
5.569 	 5.569
5.627 	 5.627
5.452 	 5.452
5.382 	 5.382
5.375 	 5.375
5.346 	 5.346
5.319 	 5.319
5.216 	 5.216
5.163 	 5.163
callevil
---------------------------------------c-a-l----------l-e-v---il-----------------------------------
5.109 	 5.109
5.200 	 5.200
5.260 	 5.260
5.052 	 5.052
5.329 	 5.329
5.383 	 5.383
5.117 	 5.117
5.351 	 5.351
5.527 	 5.527
5.232 	 5.232
callevil
---------------------------------------c-a-l----------l-e-v---il-----------------------------------
5.176 	 5.176
5.239 	 5.239
4.975 	 4.975
5.012 	 5.012
4.926 	 4.926
5.084 	 5.084
5.205 	 5.205
5.043 	 5.043
4.942 	 4.942
4.975 	 4.975
callevil
---------------------------------------c-a-l----------l-e-v---il-----------------------------------
4.887 	 4.887
4.853 	 4.853
4.855 	 4.855
4.786 	 4.786
4.781 	 4.781
4.776 	 4.776
4.716 	 4.716
4.770 	 4.770
4.707 	 4.707
4.669 	 4.669
callevil
---------------------------------------c-a-l----------l-e-v---il-----------------------------------
4.693 	 4.693
4.641 	 4.641
4.619 	 4.619
4.619 	 4.619
4.610 	 4.610
4.553 	 4.553
4.525 	 4.525
4.551 	 4.551
4.569 	 4.569
4.499 	 4.499
callevil
---------------------------------------c-a-l----------l-e-v---il-----------------------------------
4.557 	 4.557
4.530 	 4.530
4.441 	 4.441
4.623 	 4.623
4.450 	 4.450
4.451 	 4.451
4.446 	 4.446
4.454 	 4.454
4.413 	 4.413
4.419 	 4.419
callevil
---------------------------------------c-a-l----------l-e-v---il-----------------------------------
4.395 	 4.395
4.432 	 4.432
4.396 	 4.396
4.502 	 4.502
4.394 	 4.394
4.420 	 4.420
4.339 	 4.339
4.488 	 4.488
4.440 	 4.440
4.547 	 4.547
callevil
---------------------------------------c-a-l----------lle-v---il-----------------------------------
4.815 	 4.815
4.685 	 4.685
4.477 	 4.477
4.594 	 4.594
4.632 	 4.632
4.534 	 4.534
4.496 	 4.496
4.423 	 4.423
4.488 	 4.488
4.369 	 4.369
callevil
---------------------------------------c-a-l----------l-e-v---il-----------------------------------
4.776 	 4.776
4.628 	 4.628
4.596 	 4.596
4.577 	 4.577
4.848 	 4.848
4.939 	 4.939
4.498 	 4.498
4.680 	 4.680
4.670 	 4.670
4.626 	 4.626
callevil
---------------------------------------c-a-l----------l-e-v---il-----------------------------------
4.455 	 4.455
4.519 	 4.519
4.405 	 4.405
4.354 	 4.354
4.510 	 4.510
4.395 	 4.395
4.593 	 4.593
4.562 	 4.562
4.427 	 4.427
4.449 	 4.449
callevil
---------------------------------------c-a-l----------l-e-vv--il-----------------------------------
4.430 	 4.430
4.371 	 4.371
5.026 	 5.026
4.909 	 4.909
4.418 	 4.418
4.543 	 4.543
4.490 	 4.490
4.472 	 4.472
4.338 	 4.338
4.424 	 4.424
callevil
---------------------------------------c-a-l----------l-e-vv--il-----------------------------------
4.319 	 4.319
4.506 	 4.506
4.430 	 4.430
4.374 	 4.374
4.331 	 4.331
4.384 	 4.384
4.338 	 4.338
4.365 	 4.365
4.325 	 4.325
4.367 	 4.367
callevil
---------------------------------------c-a-l----------l-e-v---il-----------------------------------
4.321 	 4.321
4.325 	 4.325
4.294 	 4.294
4.311 	 4.311
4.353 	 4.353
4.315 	 4.315
4.265 	 4.265
4.204 	 4.204
4.266 	 4.266
4.184 	 4.184
callevil
---------------------------------------c-a-l----------l-e-vv--il-----------------------------------
4.173 	 4.173
4.200 	 4.200
4.160 	 4.160
4.307 	 4.307
4.143 	 4.143
4.316 	 4.316
4.241 	 4.241
4.386 	 4.386
4.316 	 4.316
4.179 	 4.179
callevil
---------------------------------------c-a-l----------l-e-vv--il-----------------------------------
4.229 	 4.229
4.158 	 4.158
4.196 	 4.196
4.130 	 4.130
4.190 	 4.190
4.141 	 4.141
4.112 	 4.112
4.400 	 4.400
4.217 	 4.217
4.212 	 4.212
callevil
---------------------------------------c-a-l----------l-e-vv--il-----------------------------------
4.214 	 4.214
4.121 	 4.121
4.087 	 4.087
4.108 	 4.108
4.027 	 4.027
4.145 	 4.145
4.006 	 4.006
4.017 	 4.017
3.977 	 3.977
4.065 	 4.065
callevil
---------------------------------------c-a-l----------l-e-vv--il-----------------------------------
3.986 	 3.986
4.047 	 4.047
4.084 	 4.084
4.003 	 4.003
4.137 	 4.137
4.070 	 4.070
4.104 	 4.104
4.097 	 4.097
4.091 	 4.091
4.033 	 4.033
callevil
---------------------------------------c-a-l----------l-e-vv--il-----------------------------------
4.069 	 4.069
4.017 	 4.017
4.046 	 4.046
4.014 	 4.014
4.071 	 4.071
4.011 	 4.011
4.048 	 4.048
4.001 	 4.001
4.208 	 4.208
4.112 	 4.112
callevil
---------------------------------------c-a-l----------l-e-vv--il-----------------------------------
4.018 	 4.018
4.054 	 4.054
3.979 	 3.979
4.229 	 4.229
4.333 	 4.333
4.008 	 4.008
4.252 	 4.252
4.203 	 4.203
4.033 	 4.033
4.263 	 4.263
Final distortion 214.74854
