source dB 70.66272735595703
why you maagure wal co with cup does yuse fingoing a you putd rie ut
----------------------------------------whhy------  yyou-------  -m-a----g------u-rre-   -----w-a--l------ ---o---- wwith-------  --cc-u---p--------------  -doeeess---  -yuu----s------  -f--i-------------ng------------o--------------i-ngg-------- ---a--- -you-- -p-uutd--- -rr--i----ee- -pu--
304.791 	 304.791
207.420 	 207.420
142.253 	 142.253
105.792 	 105.792
83.548 	 83.548
72.963 	 72.963
63.768 	 63.768
61.757 	 61.757
67.074 	 67.074
55.022 	 55.022
i  
------------------------------------------i---------------------------------------------------------------------------------------------------------------------------------------------------------------------------------------------------------------------------------------------------------
51.232 	 51.232
48.961 	 48.961
47.437 	 47.437
43.440 	 43.440
42.313 	 42.313
38.532 	 38.532
36.915 	 36.915
34.145 	 34.145
33.322 	 33.322
30.034 	 30.034
i cont tot
-----------------------------------------ii----- c-o--n----------------------------------------------t--- ----------------------------------------------------------------------------t-o-----------------------------------------------------------------------------------------------------------
30.604 	 30.604
28.953 	 28.953
25.943 	 25.943
26.682 	 26.682
27.376 	 27.376
25.597 	 25.597
22.028 	 22.028
26.877 	 26.877
21.040 	 21.040
23.868 	 23.868
dis connct bltoh
--------------------------------------d---i----s c-o--------------------------------------------c----t--- -----b--ll------------------------------------------------------------------t-o--------------------------h--------------------------------------------------------------------------------
21.189 	 21.189
19.775 	 19.775
18.927 	 18.927
18.814 	 18.814
17.029 	 17.029
16.520 	 16.520
19.270 	 19.270
25.078 	 25.078
22.154 	 22.154
17.509 	 17.509
i connct blue tooth
------------------------------------------i------c-o-n-n----------------------------------------c----t-- ------b--ll----------------------------------------------------------u---e---t-o--------------------o---tth--------------------------------------------------------------------------------
15.859 	 15.859
16.053 	 16.053
14.830 	 14.830
15.187 	 15.187
14.064 	 14.064
13.163 	 13.163
11.943 	 11.943
11.143 	 11.143
10.337 	 10.337
10.202 	 10.202
iconnct bluetooth
------------------------------------------i------c-o-n-n----------------------------------------c----t-- ------b--ll--------------------------------------------------------------e---t-o--------------------o----th--------------------------------------------------------------------------------
9.987 	 9.987
10.986 	 10.986
12.378 	 12.378
12.292 	 12.292
10.676 	 10.676
10.767 	 10.767
10.370 	 10.370
11.508 	 11.508
9.820 	 9.820
8.812 	 8.812
dis connct bluetooth
--------------------------------------d--i-----s c-o-n-nn---------------------------------------c----t-- ------b--ll--------------------------------------------------------------e---t-o--------------------o----th--------------------------------------------------------------------------------
10.521 	 10.521
8.809 	 8.809
7.953 	 7.953
7.186 	 7.186
7.184 	 7.184
7.461 	 7.461
7.204 	 7.204
6.706 	 6.706
6.091 	 6.091
5.969 	 5.969
disconnct bluetooth
--------------------------------------d--i-----ssc-o-n-n----------------------------------------c----t-- ------b--ll---------------------------------------------------------uu---e---tto--------------------o----th--------------------------------------------------------------------------------
5.426 	 5.426
5.009 	 5.009
5.289 	 5.289
4.968 	 4.968
5.364 	 5.364
4.715 	 4.715
4.888 	 4.888
4.947 	 4.947
4.399 	 4.399
5.112 	 5.112
disconnct bluetooth
--------------------------------------d--i-----ssc-o-n-n----------------------------------------c----t-- ------b--ll---------------------------------------------------------uu---e---tto--------------------o----th--------------------------------------------------------------------------------
4.173 	 4.173
4.909 	 4.909
5.378 	 5.378
5.682 	 5.682
3.967 	 3.967
3.540 	 3.540
3.423 	 3.423
3.338 	 3.338
2.941 	 2.941
2.904 	 2.904
disconnect bluetooth
--------------------------------------d--i------sc-o-n-n----------------------------------------c----t-- ------b--ll---------------------------------------------------------uu---e---tto--------------------o----th--------------------------------------------------------------------------------
2.896 	 2.896
Worked i=0 ctcloss=2.896094 bound=1600.000024
3.223 	 3.223
2.868 	 2.868
3.161 	 3.161
2.824 	 2.824
2.610 	 2.610
5.697 	 5.697
4.999 	 4.999
2.772 	 2.772
3.079 	 3.079
disconnect bluetooth
--------------------------------------d---i----ssc-o-n-n----------------e-----------------------c----tt- ------b--ll----------------------------------------------------------u---e---tto--------------------o----th--------------------------------------------------------------------------------
2.422 	 2.422
Worked i=0 ctcloss=2.422172 bound=1280.000091
4.083 	 4.083
3.160 	 3.160
2.978 	 2.978
2.851 	 2.851
2.489 	 2.489
2.421 	 2.421
2.135 	 2.135
1.894 	 1.894
1.845 	 1.845
disconnect bluetooth
--------------------------------------d--i-----ssc-o-n-nn---------------e-----------------------c----tt- ------b--ll----------------------------------------------------------uu--e---tto--------------------o----th--------------------------------------------------------------------------------
1.627 	 1.627
Worked i=0 ctcloss=1.626687 bound=1024.000049
3.632 	 3.632
2.781 	 2.781
2.284 	 2.284
2.595 	 2.595
2.154 	 2.154
2.462 	 2.462
1.962 	 1.962
1.869 	 1.869
1.605 	 1.605
disconnect bluetooth
--------------------------------------d--i-----ssc-o-n-nn---------------ee----------------------c----tt- ------b--ll----------------------------------------------------------uu--e---tto--------------------o----th--------------------------------------------------------------------------------
1.601 	 1.601
Worked i=0 ctcloss=1.600700 bound=819.200039
5.481 	 5.481
4.221 	 4.221
2.834 	 2.834
2.242 	 2.242
2.208 	 2.208
5.277 	 5.277
4.954 	 4.954
3.743 	 3.743
3.795 	 3.795
disconnect bluetooth
--------------------------------------d--i-----sscc-o-n-n----------------e----------------------c----tt- ------b--ll----------------------------------------------------------uu--e---tto--------------------o----th--------------------------------------------------------------------------------
3.020 	 3.020
Worked i=0 ctcloss=3.020330 bound=655.360043
5.213 	 5.213
3.662 	 3.662
3.376 	 3.376
3.166 	 3.166
2.703 	 2.703
2.346 	 2.346
2.466 	 2.466
3.070 	 3.070
2.700 	 2.700
disconnect bluetooth
--------------------------------------d--i-----ssc-o-n-n----------------ee----------------------c----tt- ------b--ll----------------------------------------------------------uu--e---tto--------------------o----th--------------------------------------------------------------------------------
2.182 	 2.182
Worked i=0 ctcloss=2.181826 bound=524.288058
4.945 	 4.945
4.034 	 4.034
3.447 	 3.447
2.921 	 2.921
2.701 	 2.701
2.488 	 2.488
2.139 	 2.139
2.028 	 2.028
1.783 	 1.783
disconnect bluetooth
--------------------------------------d--i-----ssc-o-n-nn---------------ee----------------------c----tt- ------b--ll----------------------------------------------------------uu--e---tto--------------------o----th--------------------------------------------------------------------------------
1.710 	 1.710
Worked i=0 ctcloss=1.709634 bound=419.430465
6.659 	 6.659
4.609 	 4.609
3.692 	 3.692
3.244 	 3.244
2.649 	 2.649
2.193 	 2.193
2.015 	 2.015
2.235 	 2.235
2.262 	 2.262
disconnect bluetooth
--------------------------------------d--i-----ssc-o-n-nn---------------e-----------------------c----tt- ------b--ll----------------------------------------------------------uu--e---tto--------------------o----th--------------------------------------------------------------------------------
2.196 	 2.196
Worked i=0 ctcloss=2.195685 bound=335.544378
7.710 	 7.710
6.896 	 6.896
6.161 	 6.161
3.929 	 3.929
3.334 	 3.334
3.003 	 3.003
2.511 	 2.511
2.346 	 2.346
2.200 	 2.200
disconnect bluetooth
--------------------------------------d--i-----ssc-o-n-nn---------------ee----------------------c----tt- ------b--ll----------------------------------------------------------uu--e---tto--------------------o---tth--------------------------------------------------------------------------------
1.989 	 1.989
Worked i=0 ctcloss=1.988695 bound=268.435508
25.961 	 25.961
11.980 	 11.980
7.690 	 7.690
9.716 	 9.716
7.253 	 7.253
6.842 	 6.842
5.750 	 5.750
6.139 	 6.139
5.744 	 5.744
disconnect bluetooth
--------------------------------------d--i------sc-o-n-n----------------------------------------c----tt- ------b--ll----------------------------------------------------------uu--e---t-o--------------------o----th--------------------------------------------------------------------------------
5.248 	 5.248
Worked i=0 ctcloss=5.247503 bound=214.748412
28.790 	 28.790
17.819 	 17.819
15.067 	 15.067
13.311 	 13.311
10.405 	 10.405
8.840 	 8.840
7.685 	 7.685
6.545 	 6.545
6.501 	 6.501
disconnct bluetooth
--------------------------------------d--i-----ssc-o-n-n----------------------------------------c----t-- ------b--ll----------------------------------------------------------uu--e---t-o--------------------o----th--------------------------------------------------------------------------------
6.026 	 6.026
5.668 	 5.668
5.442 	 5.442
4.835 	 4.835
4.974 	 4.974
4.597 	 4.597
4.358 	 4.358
4.287 	 4.287
3.916 	 3.916
4.605 	 4.605
disconnect bluetooth
--------------------------------------d--i-----ssc-o-n-n----------------------------------------c----tt- ------b--ll----------------------------------------------------------uu--e---t-o--------------------o----th--------------------------------------------------------------------------------
4.055 	 4.055
Worked i=0 ctcloss=4.054591 bound=171.798736
19.253 	 19.253
13.767 	 13.767
11.313 	 11.313
9.244 	 9.244
8.219 	 8.219
7.100 	 7.100
6.391 	 6.391
5.913 	 5.913
5.599 	 5.599
disconnct bluetooth
--------------------------------------d--i------sc-o-n-n----------------------------------------c----tt-  -----b--ll----------------------------------------------------------uu--e---t-o--------------------o----th--------------------------------------------------------------------------------
5.680 	 5.680
5.097 	 5.097
5.095 	 5.095
4.795 	 4.795
4.606 	 4.606
4.475 	 4.475
4.317 	 4.317
4.148 	 4.148
4.235 	 4.235
3.982 	 3.982
disconnect bluetooth
--------------------------------------d--i------sc-o-n-n----------------e-----------------------c----tt- ------b--ll----------------------------------------------------------uu--e---t-o--------------------o----th--------------------------------------------------------------------------------
3.753 	 3.753
Worked i=0 ctcloss=3.752831 bound=137.438998
29.092 	 29.092
21.488 	 21.488
19.183 	 19.183
17.752 	 17.752
15.587 	 15.587
12.803 	 12.803
11.096 	 11.096
11.044 	 11.044
9.572 	 9.572
disconct bluetooth
--------------------------------------d--i-------c-o-nn-----------------------------------------c----tt-- -----b--ll----------------------------------------------------------uu--e---t-o--------------------o----th--------------------------------------------------------------------------------
8.780 	 8.780
8.193 	 8.193
7.819 	 7.819
7.230 	 7.230
6.549 	 6.549
5.958 	 5.958
5.638 	 5.638
5.282 	 5.282
5.207 	 5.207
5.131 	 5.131
disconnect bluetooth
--------------------------------------d--i-----ssc-o-n-n----------------------------------------c----tt-  -----b--ll----------------------------------------------------------uu--e---t-o--------------------o----th--------------------------------------------------------------------------------
4.834 	 4.834
Worked i=0 ctcloss=4.834151 bound=109.951198
35.001 	 35.001
28.297 	 28.297
24.655 	 24.655
21.134 	 21.134
17.754 	 17.754
16.070 	 16.070
14.082 	 14.082
12.231 	 12.231
11.268 	 11.268
disconct bluetooth
--------------------------------------d--i-------c-o--n-----------------------------------------c----t--- -----b--ll----------------------------------------------------------uu--e---t-o--------------------o----th--------------------------------------------------------------------------------
10.534 	 10.534
9.731 	 9.731
8.937 	 8.937
8.467 	 8.467
8.507 	 8.507
7.965 	 7.965
7.527 	 7.527
7.704 	 7.704
7.653 	 7.653
6.885 	 6.885
disconct bluetooth
--------------------------------------d--i------sc-o--n-n---------------------------------------c----tt-- -----b--ll----------------------------------------------------------uu--e---t-o--------------------o----th--------------------------------------------------------------------------------
6.721 	 6.721
6.602 	 6.602
6.266 	 6.266
6.177 	 6.177
5.986 	 5.986
5.817 	 5.817
5.753 	 5.753
5.517 	 5.517
5.338 	 5.338
5.982 	 5.982
disconect bluetooth
--------------------------------------d--i------sc-o--n-n---------------------------------------c----tt-- -----b--ll----------------------------------------------------------uu--e---t-o--------------------o----th--------------------------------------------------------------------------------
5.617 	 5.617
5.163 	 5.163
4.927 	 4.927
4.937 	 4.937
4.834 	 4.834
4.628 	 4.628
4.693 	 4.693
4.618 	 4.618
4.434 	 4.434
4.456 	 4.456
disconnect bluetooth
--------------------------------------d--i------sc-o--n-n---------------------------------------c----tt-- -----b--ll----------------------------------------------------------uu--e---t-o--------------------o----th--------------------------------------------------------------------------------
4.446 	 4.446
Worked i=0 ctcloss=4.446462 bound=87.960958
60.164 	 60.164
53.514 	 53.514
46.262 	 46.262
37.675 	 37.675
32.066 	 32.066
31.042 	 31.042
30.870 	 30.870
29.578 	 29.578
25.593 	 25.593
iont bluetoth
------------------------------------------i---------o--n-------------------------------------------------------b---l----------------------------------------------------------uu--e---t-o--------------------------th-------------------------------------------------------------------------------
21.908 	 21.908
18.812 	 18.812
17.814 	 17.814
16.845 	 16.845
16.166 	 16.166
15.393 	 15.393
14.559 	 14.559
13.515 	 13.515
13.064 	 13.064
12.749 	 12.749
disconnct bluetooth
--------------------------------------d--i------sc-o--n-----------------------------------------c----t--- -----b--ll----------------------------------------------------------uu--e---t-o--------------------o----th--------------------------------------------------------------------------------
11.890 	 11.890
11.280 	 11.280
10.913 	 10.913
10.407 	 10.407
10.103 	 10.103
9.580 	 9.580
9.618 	 9.618
9.355 	 9.355
8.862 	 8.862
8.812 	 8.812
disconct bluetooth
--------------------------------------d--i------sc-o--n-----------------------------------------c----tt-- -----b--ll----------------------------------------------------------uu--e---t-o--------------------o----th--------------------------------------------------------------------------------
8.449 	 8.449
8.237 	 8.237
7.939 	 7.939
7.710 	 7.710
7.606 	 7.606
7.451 	 7.451
7.296 	 7.296
7.040 	 7.040
6.869 	 6.869
7.080 	 7.080
disconnct bluetooth
--------------------------------------d--i------sc-o--n----------------n------------------------c----tt-- -----b--ll----------------------------------------------------------uu--e---t-o--------------------o----th--------------------------------------------------------------------------------
6.743 	 6.743
6.998 	 6.998
6.858 	 6.858
6.616 	 6.616
6.647 	 6.647
6.801 	 6.801
6.385 	 6.385
6.307 	 6.307
6.327 	 6.327
6.165 	 6.165
disconnct bluetooth
--------------------------------------d--i-----ssc-o--n----------------n------------------------c----t--- -----b--ll----------------------------------------------------------uu--e---t-o--------------------o----th--------------------------------------------------------------------------------
5.986 	 5.986
6.046 	 6.046
5.819 	 5.819
5.683 	 5.683
5.749 	 5.749
5.723 	 5.723
5.539 	 5.539
5.494 	 5.494
5.379 	 5.379
5.524 	 5.524
disconnct bluetooth
--------------------------------------d--i-----ssc-o--n----------------n------------------------c----tt-- -----b--ll----------------------------------------------------------uu--e---t-o--------------------o----th--------------------------------------------------------------------------------
5.351 	 5.351
5.457 	 5.457
5.366 	 5.366
5.133 	 5.133
5.098 	 5.098
5.041 	 5.041
5.018 	 5.018
5.039 	 5.039
4.968 	 4.968
4.988 	 4.988
disconnct bluetooth
--------------------------------------d--i-----ssc-o--n----------------n------------------------c----tt-- -----b--ll----------------------------------------------------------uu--e---t-o--------------------o----th--------------------------------------------------------------------------------
5.109 	 5.109
4.797 	 4.797
5.117 	 5.117
5.021 	 5.021
4.945 	 4.945
4.903 	 4.903
5.139 	 5.139
4.940 	 4.940
4.638 	 4.638
4.734 	 4.734
disconnect bluetooth
--------------------------------------d--i-----ssc-o--n----------------n------------------------c----tt-- -----b--ll----------------------------------------------------------uu--e---t-o--------------------o----th--------------------------------------------------------------------------------
4.674 	 4.674
Worked i=0 ctcloss=4.674456 bound=70.368767
95.000 	 95.000
92.741 	 92.741
90.101 	 90.101
78.143 	 78.143
66.970 	 66.970
68.429 	 68.429
66.378 	 66.378
60.356 	 60.356
57.914 	 57.914
di do nanol wat oblet
--------------------------------------d--i--------d-o----------- -kna---n---------o--l----- --w-a---t----- --o-b-----------------------------------------------------------------------t------------------------------------------------------------------------------------------------------------
56.851 	 56.851
52.230 	 52.230
49.213 	 49.213
47.381 	 47.381
43.367 	 43.367
38.409 	 38.409
34.798 	 34.798
33.779 	 33.779
33.330 	 33.330
31.169 	 31.169
dison n buto
--------------------------------------d--i------s--o---n-------- ------n---------------------------------------b--------------------------------------------------------------u-------t-o-----------------------------------------------------------------------------------------------------------
29.085 	 29.085
27.149 	 27.149
25.391 	 25.391
24.330 	 24.330
23.060 	 23.060
21.552 	 21.552
20.147 	 20.147
19.061 	 19.061
18.532 	 18.532
17.694 	 17.694
discont bluetothe
--------------------------------------d--i------sc-o--n----------------------------------------------t--- -----b---l----------------------------------------------------------u---e---t-o-------------------------the-------------------------------------------------------------------------------
16.968 	 16.968
16.527 	 16.527
15.798 	 15.798
15.205 	 15.205
14.644 	 14.644
14.392 	 14.392
13.954 	 13.954
13.441 	 13.441
13.243 	 13.243
12.848 	 12.848
disconnct bluetooth
--------------------------------------d--i------sc-o--n----------------n------------------------c----t--- -----b---l----------------------------------------------------------u---e---t-o--------------------o----th--------------------------------------------------------------------------------
12.625 	 12.625
12.395 	 12.395
12.102 	 12.102
11.730 	 11.730
11.547 	 11.547
11.355 	 11.355
11.181 	 11.181
10.875 	 10.875
10.720 	 10.720
10.569 	 10.569
disconnct bluetooth
--------------------------------------d--i------sc-o--n----------------n------------------------c----t--- -----b--ll----------------------------------------------------------uu--e---t-o--------------------o----th--------------------------------------------------------------------------------
10.411 	 10.411
10.503 	 10.503
10.596 	 10.596
10.872 	 10.872
10.119 	 10.119
10.005 	 10.005
9.970 	 9.970
9.723 	 9.723
9.977 	 9.977
9.768 	 9.768
disconnct bluetooth
--------------------------------------d--i------sc-o--n----------------n------------------------c----t---  ----b--ll----------------------------------------------------------uu--e---t-o--------------------o----th--------------------------------------------------------------------------------
9.432 	 9.432
9.431 	 9.431
9.479 	 9.479
9.256 	 9.256
9.427 	 9.427
9.354 	 9.354
8.922 	 8.922
9.143 	 9.143
8.992 	 8.992
8.859 	 8.859
disconnct bluetooth
--------------------------------------d--i------sc-o--n----------------n------------------------c----t---  ----b--ll----------------------------------------------------------uu--e---t-o--------------------o----th--------------------------------------------------------------------------------
8.658 	 8.658
8.591 	 8.591
8.546 	 8.546
8.326 	 8.326
8.401 	 8.401
8.158 	 8.158
8.389 	 8.389
8.194 	 8.194
8.203 	 8.203
8.272 	 8.272
disconnct bluetooth
--------------------------------------d--i------sc-o--n----------------n------------------------c----t---  ----b--ll----------------------------------------------------------uu--e---t-o--------------------o----th--------------------------------------------------------------------------------
8.051 	 8.051
8.038 	 8.038
8.152 	 8.152
7.921 	 7.921
7.922 	 7.922
7.917 	 7.917
7.817 	 7.817
7.661 	 7.661
7.861 	 7.861
7.623 	 7.623
disconnct bluetooth
--------------------------------------d--i------sc-o--n-----------------------------------------c----t---  ----b--ll----------------------------------------------------------uu--e---t-o--------------------o----th--------------------------------------------------------------------------------
7.912 	 7.912
7.766 	 7.766
7.574 	 7.574
7.466 	 7.466
7.622 	 7.622
7.636 	 7.636
7.437 	 7.437
7.586 	 7.586
7.440 	 7.440
7.612 	 7.612
disconnct bluetooth
--------------------------------------d--i-----ssc-o--n----------------n------------------------c----t---  ----b--ll----------------------------------------------------------uu--e---t-o--------------------o----th--------------------------------------------------------------------------------
7.327 	 7.327
7.337 	 7.337
7.487 	 7.487
7.501 	 7.501
7.493 	 7.493
7.403 	 7.403
7.286 	 7.286
7.647 	 7.647
7.943 	 7.943
7.525 	 7.525
disconnct bluetooth
--------------------------------------d--i-----ssc-o--n----------------n------------------------c----t---  ----b--ll----------------------------------------------------------uu--e---t-o--------------------o----th--------------------------------------------------------------------------------
8.392 	 8.392
9.012 	 9.012
7.815 	 7.815
7.387 	 7.387
7.626 	 7.626
7.411 	 7.411
7.355 	 7.355
7.276 	 7.276
7.218 	 7.218
7.332 	 7.332
disconnct bluetooth
--------------------------------------d--i------sc-o--n-----------------------------------------c----t---- ----b--ll----------------------------------------------------------uu--e---t-o--------------------o----th--------------------------------------------------------------------------------
7.269 	 7.269
7.150 	 7.150
7.074 	 7.074
6.966 	 6.966
7.048 	 7.048
7.287 	 7.287
7.077 	 7.077
6.963 	 6.963
7.026 	 7.026
7.206 	 7.206
disconnct bluetooth
--------------------------------------d--i-----ssc-o--n----------------n------------------------c----t---  ----b--ll----------------------------------------------------------uu--e---t-o--------------------o----th--------------------------------------------------------------------------------
7.071 	 7.071
6.891 	 6.891
7.100 	 7.100
7.144 	 7.144
7.025 	 7.025
7.093 	 7.093
6.911 	 6.911
6.952 	 6.952
7.231 	 7.231
6.946 	 6.946
disconnct bluetooth
--------------------------------------d--i-----ssc-o--n----------------n------------------------c----t---  ----b--ll----------------------------------------------------------uu--e---t-o--------------------o----th--------------------------------------------------------------------------------
6.881 	 6.881
6.863 	 6.863
7.146 	 7.146
6.986 	 6.986
6.905 	 6.905
7.164 	 7.164
6.698 	 6.698
7.139 	 7.139
7.026 	 7.026
6.797 	 6.797
disconnect bluetooth
--------------------------------------d--i-----ssc-o--n----------------n------------------------c----t---  ----b--ll----------------------------------------------------------uu--e---t-o--------------------o----th--------------------------------------------------------------------------------
6.840 	 6.840
Worked i=0 ctcloss=6.839576 bound=56.295015
89.813 	 89.813
87.813 	 87.813
84.858 	 84.858
79.820 	 79.820
72.486 	 72.486
69.233 	 69.233
64.098 	 64.098
62.953 	 62.953
61.942 	 61.942
dio manel at oble
---------------------------------------d--i---------o----------- -m-a---n---------e--l-----  ---a----r---- ---o-b-----------------------------------------------------------------------------------------------------------------------------------------------------------------------------------
61.535 	 61.535
59.953 	 59.953
58.869 	 58.869
59.796 	 59.796
58.320 	 58.320
56.072 	 56.072
54.333 	 54.333
54.341 	 54.341
52.992 	 52.992
51.977 	 51.977
dio mane or obleh
---------------------------------------d--i---------o------------m-a---n---------e----------------o--r---- --o-b---lee------------------------------------------------------------------h-----------------------------------------------------------------------------------------------------------
51.378 	 51.378
50.814 	 50.814
49.898 	 49.898
48.802 	 48.802
48.487 	 48.487
47.433 	 47.433
46.007 	 46.007
45.353 	 45.353
44.616 	 44.616
43.904 	 43.904
diso mane at obleth
---------------------------------------d--i---------o----------- m-a---n---------e-------------- --a-r---- --o-b---le------------------------------------------------------------------th-----------------------------------------------------------------------------------------------------------
43.412 	 43.412
42.315 	 42.315
41.700 	 41.700
41.078 	 41.078
40.708 	 40.708
40.123 	 40.123
39.400 	 39.400
38.991 	 38.991
38.357 	 38.357
38.405 	 38.405
diso man  obleth
---------------------------------------d--i---------o----------- m-a---n----------------------- ---------- --o-b--l-e------------------------------------------------------------------th-----------------------------------------------------------------------------------------------------------
37.333 	 37.333
37.780 	 37.780
36.741 	 36.741
36.537 	 36.537
36.166 	 36.166
35.231 	 35.231
35.247 	 35.247
35.499 	 35.499
35.415 	 35.415
34.635 	 34.635
disco man t obleth
---------------------------------------d--i-----s-c-o----------- m-a---n----------------------- ---------- --o-b--ll------------------------------------------------------------------t-h-----------------------------------------------------------------------------------------------------------
33.573 	 33.573
33.332 	 33.332
33.101 	 33.101
32.707 	 32.707
32.408 	 32.408
31.740 	 31.740
31.470 	 31.470
31.187 	 31.187
31.311 	 31.311
30.530 	 30.530
disco man t bleth
---------------------------------------d--i-----s--o------------ m-a---n----------------------- ---------- ----b------------------------------------------------------------------------h-----------------------------------------------------------------------------------------------------------
30.742 	 30.742
31.195 	 31.195
30.606 	 30.606
29.939 	 29.939
30.289 	 30.289
30.555 	 30.555
29.566 	 29.566
29.458 	 29.458
28.976 	 28.976
28.878 	 28.878
diso man t obletoth
---------------------------------------d--i-----s--o------------ m-a---n----------------------- ---------  --o-b--ll--------o---------------------------------------------------------t-h-----------------------------------------------------------------------------------------------------------
29.189 	 29.189
28.976 	 28.976
29.029 	 29.029
28.526 	 28.526
28.192 	 28.192
29.492 	 29.492
28.319 	 28.319
27.932 	 27.932
28.968 	 28.968
28.517 	 28.517
disco man bleth
--------------------------------------d--i------s-co------------ m-a---n--------------------------------- -----b----------t-------------------------------------------------------------h-----------------------------------------------------------------------------------------------------------
27.381 	 27.381
27.565 	 27.565
26.965 	 26.965
27.400 	 27.400
27.232 	 27.232
27.903 	 27.903
27.298 	 27.298
27.425 	 27.425
27.393 	 27.393
27.174 	 27.174
disco mant bletoth
---------------------------------------d-i------s-co------------ m-a---n---------------------------------  ----b---l------t-o---------------------------------------------------------t-h-----------------------------------------------------------------------------------------------------------
27.553 	 27.553
27.948 	 27.948
28.175 	 28.175
27.855 	 27.855
29.186 	 29.186
28.748 	 28.748
27.983 	 27.983
28.501 	 28.501
28.209 	 28.209
27.226 	 27.226
disco nt bletoth
---------------------------------------d-i------s-c-o----------- ---a------------------------------------  ----b----------t-------------------------------------------------------------h-----------------------------------------------------------------------------------------------------------
27.039 	 27.039
26.207 	 26.207
25.723 	 25.723
25.560 	 25.560
26.004 	 26.004
26.436 	 26.436
26.245 	 26.245
25.795 	 25.795
25.990 	 25.990
26.046 	 26.046
discon t bletoth
---------------------------------------d-i------s-c-o----------------------------------------------------  ----b---l------t-o----------------------------------------------------------th-----------------------------------------------------------------------------------------------------------
25.119 	 25.119
25.196 	 25.196
25.355 	 25.355
24.798 	 24.798
25.096 	 25.096
24.852 	 24.852
24.431 	 24.431
24.424 	 24.424
24.447 	 24.447
24.387 	 24.387
discon t bletoth
--------------------------------------d--i------s-c-o------------------n---------------------------------  ----b---l------t-o-----------------------------------------------o----------th-----------------------------------------------------------------------------------------------------------
24.231 	 24.231
24.717 	 24.717
24.172 	 24.172
23.998 	 23.998
24.608 	 24.608
24.267 	 24.267
23.867 	 23.867
24.659 	 24.659
25.608 	 25.608
25.322 	 25.322
discon t bletoth
---------------------------------------d-i--------c-o---n------------------------------------------------- ----b--ll-e----t-o----------------------------------------------------------th-----------------------------------------------------------------------------------------------------------
24.626 	 24.626
24.871 	 24.871
24.608 	 24.608
24.057 	 24.057
24.194 	 24.194
23.796 	 23.796
23.711 	 23.711
23.832 	 23.832
23.955 	 23.955
24.251 	 24.251
discon t bletoth
---------------------------------------d-i------s-co---n-------------------------------------------------- ----b---l------t-o-----------------------------------------------o----------th-----------------------------------------------------------------------------------------------------------
23.525 	 23.525
23.920 	 23.920
23.489 	 23.489
23.555 	 23.555
23.384 	 23.384
23.344 	 23.344
23.441 	 23.441
23.682 	 23.682
23.823 	 23.823
23.286 	 23.286
disconnt bletoth
---------------------------------------d-i------s-co---n---------------n---------------------------------  ----b--llee----t-o-----------------------------------------------o----------th-----------------------------------------------------------------------------------------------------------
23.276 	 23.276
23.669 	 23.669
23.445 	 23.445
23.015 	 23.015
23.241 	 23.241
23.220 	 23.220
22.788 	 22.788
22.864 	 22.864
22.877 	 22.877
22.773 	 22.773
discon t bletoth
---------------------------------------d-i------s-co---n-------------------------------------------------  ----b---l------t-o-----------------------------------------------o---------t-h-----------------------------------------------------------------------------------------------------------
22.355 	 22.355
22.493 	 22.493
22.600 	 22.600
22.776 	 22.776
23.146 	 23.146
22.762 	 22.762
22.967 	 22.967
22.762 	 22.762
22.539 	 22.539
22.663 	 22.663
discon t obletooth
---------------------------------------d-i------s-co---n---------------------------------------------t---  --o-b--llee----t-o-----------------------------------------------o---------tth-----------------------------------------------------------------------------------------------------------
22.964 	 22.964
22.349 	 22.349
22.295 	 22.295
22.377 	 22.377
22.695 	 22.695
22.224 	 22.224
22.333 	 22.333
22.293 	 22.293
22.051 	 22.051
22.401 	 22.401
discon t bletoth
---------------------------------------d-i------s-co---n-------------------------------------------------  ----b----------t-o-----------------------------------------------o----------th-----------------------------------------------------------------------------------------------------------
21.959 	 21.959
21.985 	 21.985
22.146 	 22.146
22.088 	 22.088
21.759 	 21.759
21.726 	 21.726
22.270 	 22.270
22.102 	 22.102
21.587 	 21.587
21.921 	 21.921
discon t obletooth
---------------------------------------d-i------s-co---n---------------------------------------------t---  --o-b--llee----t-o-----------------------------------------------o----------th-----------------------------------------------------------------------------------------------------------
22.081 	 22.081
21.847 	 21.847
21.785 	 21.785
21.708 	 21.708
22.167 	 22.167
21.836 	 21.836
21.699 	 21.699
21.599 	 21.599
21.577 	 21.577
21.440 	 21.440
discon t obletooth
---------------------------------------d-i------s-coo--n---------------n-----------------------------t---  --o-b--llee----t-o-----------------------------------------------o----------th-----------------------------------------------------------------------------------------------------------
22.096 	 22.096
21.980 	 21.980
21.970 	 21.970
21.682 	 21.682
21.758 	 21.758
21.881 	 21.881
22.781 	 22.781
22.121 	 22.121
21.890 	 21.890
21.895 	 21.895
discon bletooth
--------------------------------------d--i------s-co---n-------------------------------------------------- ----b----------t-o-----------------------------------------------o---------t-h-----------------------------------------------------------------------------------------------------------
21.889 	 21.889
21.472 	 21.472
21.132 	 21.132
20.921 	 20.921
21.405 	 21.405
20.867 	 20.867
21.135 	 21.135
20.700 	 20.700
20.804 	 20.804
20.741 	 20.741
discon t bletooth
---------------------------------------d-i------s--o--n--------------------------------------------------- ----b---l-e----t-o-----------------------------------------------o---------t-h-----------------------------------------------------------------------------------------------------------
20.770 	 20.770
20.936 	 20.936
21.012 	 21.012
20.785 	 20.785
21.008 	 21.008
20.824 	 20.824
21.041 	 21.041
20.733 	 20.733
20.482 	 20.482
20.393 	 20.393
discon t bletooth
---------------------------------------d-i------s-co---n-------------------------------------------------- ----b---l-e----t-o-----------------------------------------------o----------th-----------------------------------------------------------------------------------------------------------
21.454 	 21.454
21.236 	 21.236
20.900 	 20.900
20.558 	 20.558
21.308 	 21.308
20.838 	 20.838
20.384 	 20.384
20.426 	 20.426
20.530 	 20.530
20.446 	 20.446
discon t bletooth
--------------------------------------d--i------s-co--n--------------------------------------------------- ----b---l-e----t-o-----------------------------------------------o---------t-h-----------------------------------------------------------------------------------------------------------
20.785 	 20.785
20.674 	 20.674
20.615 	 20.615
20.399 	 20.399
20.286 	 20.286
20.817 	 20.817
20.613 	 20.613
20.907 	 20.907
20.194 	 20.194
20.358 	 20.358
discon t bletooth
-----------------------------------------i------s-co--n--------------------------------------------------  ----b--ll-e----t-o-----------------------------------------------o----------th-----------------------------------------------------------------------------------------------------------
19.900 	 19.900
20.032 	 20.032
20.282 	 20.282
20.046 	 20.046
20.239 	 20.239
20.335 	 20.335
20.134 	 20.134
20.213 	 20.213
20.232 	 20.232
19.959 	 19.959
discon t bletooth
---------------------------------------d-i------s-co--n--------------------------------------------------- ----b--ll-e----t-o-----------------------------------------------o---------t-h-----------------------------------------------------------------------------------------------------------
19.975 	 19.975
20.857 	 20.857
19.825 	 19.825
19.957 	 19.957
19.800 	 19.800
19.850 	 19.850
19.849 	 19.849
19.694 	 19.694
19.910 	 19.910
19.587 	 19.587
discon t bletooth
---------------------------------------d-i------s-co--n----------------------------------------------t---- ----b--ll-e----t-o-----------------------------------------------o----------thh----------------------------------------------------------------------------------------------------------
19.618 	 19.618
19.811 	 19.811
19.908 	 19.908
19.554 	 19.554
20.028 	 20.028
19.859 	 19.859
19.438 	 19.438
19.437 	 19.437
19.258 	 19.258
19.421 	 19.421
dison t bletooth
---------------------------------------d-i------s--o--n--------------------------------------------------  ----b--ll-e----t-o-----------------------------------------------o---------tth-----------------------------------------------------------------------------------------------------------
19.755 	 19.755
19.621 	 19.621
19.483 	 19.483
19.615 	 19.615
19.314 	 19.314
19.919 	 19.919
19.787 	 19.787
19.806 	 19.806
19.349 	 19.349
19.429 	 19.429
discon t obletooth
--------------------------------------d--i------s-co--n--------------------------------------------------  --o-b--llee----t-o-----------------------------------------------o---------t-h-----------------------------------------------------------------------------------------------------------
19.212 	 19.212
19.618 	 19.618
19.450 	 19.450
19.263 	 19.263
19.605 	 19.605
19.633 	 19.633
19.184 	 19.184
19.052 	 19.052
19.263 	 19.263
19.539 	 19.539
disconnt bletooth
--------------------------------------d--i------s-co--n----------------n---------------------------------  ----b--ll-e----t-o-----------------------------------------------o---------tth-----------------------------------------------------------------------------------------------------------
19.210 	 19.210
19.274 	 19.274
19.096 	 19.096
19.366 	 19.366
19.113 	 19.113
19.076 	 19.076
19.197 	 19.197
18.931 	 18.931
19.046 	 19.046
19.501 	 19.501
discon t bletooth
--------------------------------------d--i------s-co--n--------------------------------------------------  ----b--ll-e----t-o-----------------------------------------------o---------tth-----------------------------------------------------------------------------------------------------------
18.908 	 18.908
19.054 	 19.054
19.940 	 19.940
19.097 	 19.097
18.928 	 18.928
19.138 	 19.138
19.021 	 19.021
18.853 	 18.853
18.880 	 18.880
19.026 	 19.026
discon t obletooth
--------------------------------------d--i------s-co--n----------------n-----------------------------t---  --o-b--llee----t-o-----------------------------------------------o----------thh----------------------------------------------------------------------------------------------------------
19.062 	 19.062
18.972 	 18.972
19.194 	 19.194
19.160 	 19.160
18.791 	 18.791
19.194 	 19.194
18.983 	 18.983
18.629 	 18.629
18.862 	 18.862
19.406 	 19.406
discon t obletooth
--------------------------------------d--i------s-co--n----------------------------------------------t---- --o-b--llee----t-o-----------------------------------------------o----------thh----------------------------------------------------------------------------------------------------------
20.153 	 20.153
18.951 	 18.951
19.558 	 19.558
18.991 	 18.991
18.934 	 18.934
18.903 	 18.903
18.831 	 18.831
18.651 	 18.651
19.094 	 19.094
19.201 	 19.201
discon t bletooth
--------------------------------------d--i------s--o--n--------------------------------------------------  ----b--ll-e----t-o-----------------------------------------------o----------thh----------------------------------------------------------------------------------------------------------
18.774 	 18.774
18.667 	 18.667
18.971 	 18.971
18.879 	 18.879
18.921 	 18.921
19.089 	 19.089
18.642 	 18.642
18.799 	 18.799
18.526 	 18.526
18.692 	 18.692
discon t obletooth
--------------------------------------d--i------s-co--n----------------------------------------------t---  --o-b--ll-e----t-o-----------------------------------------------o----------thh----------------------------------------------------------------------------------------------------------
18.472 	 18.472
18.540 	 18.540
18.660 	 18.660
18.771 	 18.771
18.517 	 18.517
18.534 	 18.534
19.169 	 19.169
19.684 	 19.684
19.003 	 19.003
18.669 	 18.669
discon t bletooth
--------------------------------------d--i------s-co--n--------------------------------------------------  ----b--ll-e----t-o-----------------------------------------------o---------t-h-----------------------------------------------------------------------------------------------------------
18.617 	 18.617
18.642 	 18.642
18.620 	 18.620
18.622 	 18.622
19.197 	 19.197
19.232 	 19.232
18.539 	 18.539
18.810 	 18.810
18.759 	 18.759
18.628 	 18.628
discon t bletooth
--------------------------------------d--i------s--o--n--------------------------------------------------  ----b--ll-e----t-o-----------------------------------------------o----------thh----------------------------------------------------------------------------------------------------------/u/zw9ga/.conda/envs/ml/lib/python3.6/site-packages/tensorflow/python/framework/dtypes.py:517: FutureWarning: Passing (type, 1) or '1type' as a synonym of type is deprecated; in a future version of numpy, it will be understood as (type, (1,)) / '(1,)type'.
  _np_qint8 = np.dtype([("qint8", np.int8, 1)])
/u/zw9ga/.conda/envs/ml/lib/python3.6/site-packages/tensorflow/python/framework/dtypes.py:518: FutureWarning: Passing (type, 1) or '1type' as a synonym of type is deprecated; in a future version of numpy, it will be understood as (type, (1,)) / '(1,)type'.
  _np_quint8 = np.dtype([("quint8", np.uint8, 1)])
/u/zw9ga/.conda/envs/ml/lib/python3.6/site-packages/tensorflow/python/framework/dtypes.py:519: FutureWarning: Passing (type, 1) or '1type' as a synonym of type is deprecated; in a future version of numpy, it will be understood as (type, (1,)) / '(1,)type'.
  _np_qint16 = np.dtype([("qint16", np.int16, 1)])
/u/zw9ga/.conda/envs/ml/lib/python3.6/site-packages/tensorflow/python/framework/dtypes.py:520: FutureWarning: Passing (type, 1) or '1type' as a synonym of type is deprecated; in a future version of numpy, it will be understood as (type, (1,)) / '(1,)type'.
  _np_quint16 = np.dtype([("quint16", np.uint16, 1)])
/u/zw9ga/.conda/envs/ml/lib/python3.6/site-packages/tensorflow/python/framework/dtypes.py:521: FutureWarning: Passing (type, 1) or '1type' as a synonym of type is deprecated; in a future version of numpy, it will be understood as (type, (1,)) / '(1,)type'.
  _np_qint32 = np.dtype([("qint32", np.int32, 1)])
/u/zw9ga/.conda/envs/ml/lib/python3.6/site-packages/tensorflow/python/framework/dtypes.py:526: FutureWarning: Passing (type, 1) or '1type' as a synonym of type is deprecated; in a future version of numpy, it will be understood as (type, (1,)) / '(1,)type'.
  np_resource = np.dtype([("resource", np.ubyte, 1)])

18.840 	 18.840
18.858 	 18.858
19.640 	 19.640
19.196 	 19.196
19.552 	 19.552
18.988 	 18.988
19.355 	 19.355
18.861 	 18.861
19.070 	 19.070
18.805 	 18.805
discon t obletooth
--------------------------------------d--i------s-co--n--------------------------------------------------  --o-b--ll-e----t-o-----------------------------------------------o----------thh----------------------------------------------------------------------------------------------------------
18.906 	 18.906
18.711 	 18.711
18.717 	 18.717
18.504 	 18.504
18.546 	 18.546
18.263 	 18.263
18.515 	 18.515
19.020 	 19.020
19.332 	 19.332
19.202 	 19.202
discon t bletooth
---------------------------------------d-i------s-co--n--------------------------------------------------  ----b--ll-e----t-o-----------------------------------------------o----------th-----------------------------------------------------------------------------------------------------------
18.703 	 18.703
18.971 	 18.971
19.869 	 19.869
19.321 	 19.321
18.933 	 18.933
18.871 	 18.871
18.779 	 18.779
19.633 	 19.633
19.962 	 19.962
19.813 	 19.813
discon t obletooth
---------------------------------------d-i------s-co--n----------------n-----------------------------t---  --o-b--llee----t-o-----------------------------------------------o----------thh----------------------------------------------------------------------------------------------------------
18.799 	 18.799
18.706 	 18.706
19.016 	 19.016
19.086 	 19.086
19.146 	 19.146
18.837 	 18.837
18.965 	 18.965
18.950 	 18.950
18.670 	 18.670
18.597 	 18.597
discon t obletooth
-----------------------------------------i------s-co--n--------------------------------------------------  --o-b--ll-e----t-o-----------------------------------------------o---------tthh----------------------------------------------------------------------------------------------------------
18.689 	 18.689
18.518 	 18.518
18.476 	 18.476
18.605 	 18.605
18.570 	 18.570
18.564 	 18.564
18.596 	 18.596
18.552 	 18.552
18.580 	 18.580
18.562 	 18.562
discon t obletooth
--------------------------------------d--i------s-co--n----------------------------------------------t---  --o-b--llee----t-o-----------------------------------------------o----------thh----------------------------------------------------------------------------------------------------------
19.100 	 19.100
18.893 	 18.893
18.734 	 18.734
18.757 	 18.757
18.946 	 18.946
18.441 	 18.441
18.334 	 18.334
18.980 	 18.980
18.887 	 18.887
18.691 	 18.691
discon t obletooth
--------------------------------------d--i------s-co--n----------------------------------------------t---  --o-b--llee----t-o-----------------------------------------------o----------thh----------------------------------------------------------------------------------------------------------
18.540 	 18.540
18.275 	 18.275
18.183 	 18.183
18.350 	 18.350
18.541 	 18.541
18.497 	 18.497
18.365 	 18.365
18.412 	 18.412
18.363 	 18.363
18.358 	 18.358
discon t bletooth
--------------------------------------d--i------s-co--n--------------------------------------------------  ----b--ll-e----t-o-----------------------------------------------o----------thh----------------------------------------------------------------------------------------------------------
18.224 	 18.224
18.239 	 18.239
18.292 	 18.292
18.307 	 18.307
18.074 	 18.074
18.136 	 18.136
18.111 	 18.111
18.715 	 18.715
18.348 	 18.348
18.134 	 18.134
discon t obletooth
--------------------------------------d--i------s-co--n----------------------------------------------t---  --o-b--llee----t-o-----------------------------------------------o----------thh----------------------------------------------------------------------------------------------------------
18.110 	 18.110
18.186 	 18.186
18.478 	 18.478
18.572 	 18.572
18.347 	 18.347
18.370 	 18.370
18.263 	 18.263
18.255 	 18.255
18.207 	 18.207
18.253 	 18.253
discon t obletooth
--------------------------------------d--i------s-co--n----------------------------------------------t---  --o-b--llee----t-o-----------------------------------------------o----------th-----------------------------------------------------------------------------------------------------------
17.964 	 17.964
18.018 	 18.018
18.004 	 18.004
18.191 	 18.191
18.280 	 18.280
17.837 	 17.837
17.936 	 17.936
17.922 	 17.922
17.865 	 17.865
18.060 	 18.060
discon t obletooth
--------------------------------------d--i------s-co--n----------------------------------------------t---  --o-b--ll-e----t-o-----------------------------------------------o----------thh----------------------------------------------------------------------------------------------------------
17.752 	 17.752
17.793 	 17.793
17.956 	 17.956
17.864 	 17.864
17.807 	 17.807
17.947 	 17.947
17.816 	 17.816
18.323 	 18.323
18.685 	 18.685
18.597 	 18.597
discon t bletooth
--------------------------------------d--i------s-co--n--------------------------------------------------  ----b--ll-e----t-o-----------------------------------------------o----------th-----------------------------------------------------------------------------------------------------------
17.843 	 17.843
18.127 	 18.127
18.275 	 18.275
18.240 	 18.240
18.113 	 18.113
18.245 	 18.245
18.855 	 18.855
18.396 	 18.396
18.018 	 18.018
17.882 	 17.882
Final distortion 70.368774
