source dB 88.29479217529297
the boy reminded the old man that he had said something about idden treadure
-------------------------------------the--  -b-o-----y--   rre--------m-i--n-d---edd--  the-  --o--ldd  -m-a---n--   that-- hhe--- -h-aa-d--------  -s-ai-d-----  s-o-mee--thing--   aa-b-out-------------i---d-dde-nn-------  --trr---ea--d--------u-re-----------------
593.651 	 593.651
382.335 	 382.335
246.844 	 246.844
171.373 	 171.373
171.955 	 171.955
154.462 	 154.462
110.963 	 110.963
81.001 	 81.001
67.533 	 67.533
46.926 	 46.926
orlavealy o manid
------------------------------------------------o---------------------l-a---v-----e---al---y-- --o--------m-a----n-----i--d----------------------------------------------------------------------------------------------------------------------------------------------
37.764 	 37.764
29.484 	 29.484
26.770 	 26.770
24.578 	 24.578
23.549 	 23.549
21.294 	 21.294
19.242 	 19.242
18.259 	 18.259
18.863 	 18.863
15.313 	 15.313
clevil
----------------------------------------------c--------------------------e---v----i-----l--------------------------------------------------------------------------------------------------------------------------------------------------------------------------------
14.144 	 14.144
13.459 	 13.459
11.978 	 11.978
11.917 	 11.917
11.334 	 11.334
10.152 	 10.152
11.303 	 11.303
9.674 	 9.674
8.921 	 8.921
9.107 	 9.107
celevil
----------------------------------------------c----------------e------l--e----v---i-----l--------------------------------------------------------------------------------------------------------------------------------------------------------------------------------
8.450 	 8.450
7.680 	 7.680
7.541 	 7.541
7.656 	 7.656
6.928 	 6.928
6.235 	 6.235
6.291 	 6.291
6.136 	 6.136
5.922 	 5.922
5.161 	 5.161
cal evil
----------------------------------------------c----------------a------- --e---v---i-----l--------------------------------------------------------------------------------------------------------------------------------------------------------------------------------
4.933 	 4.933
4.523 	 4.523
4.638 	 4.638
4.041 	 4.041
4.108 	 4.108
3.604 	 3.604
3.556 	 3.556
3.354 	 3.354
3.315 	 3.315
2.619 	 2.619
call evil
----------------------------------------------c----------------a-----ll -e----v---i-----l--------------------------------------------------------------------------------------------------------------------------------------------------------------------------------
2.448 	 2.448
Worked i=0 ctcloss=2.448247 bound=1600.000024
3.911 	 3.911
3.272 	 3.272
2.622 	 2.622
2.525 	 2.525
2.204 	 2.204
1.994 	 1.994
2.018 	 2.018
1.698 	 1.698
2.277 	 2.277
coall evil
---------------------------------------------c-o---------------a-ll---l  -e---v---i-----l--------------------------------------------------------------------------------------------------------------------------------------------------------------------------------
3.521 	 3.521
1.880 	 1.880
1.712 	 1.712
1.641 	 1.641
1.814 	 1.814
1.566 	 1.566
1.353 	 1.353
1.336 	 1.336
1.522 	 1.522
1.473 	 1.473
call evil
----------------------------------------------c----------------a-ll---l  -e---v---i-----l--------------------------------------------------------------------------------------------------------------------------------------------------------------------------------
1.280 	 1.280
Worked i=0 ctcloss=1.279693 bound=1280.000091
2.027 	 2.027
1.670 	 1.670
1.435 	 1.435
1.261 	 1.261
1.160 	 1.160
1.015 	 1.015
0.907 	 0.907
0.872 	 0.872
0.857 	 0.857
call evil
----------------------------------------------c----------------a-ll---l  -e---v---i-----l--------------------------------------------------------------------------------------------------------------------------------------------------------------------------------
0.725 	 0.725
Worked i=0 ctcloss=0.725154 bound=1024.000049
2.758 	 2.758
1.493 	 1.493
2.345 	 2.345
2.451 	 2.451
1.250 	 1.250
1.485 	 1.485
1.471 	 1.471
1.155 	 1.155
0.971 	 0.971
call evil
----------------------------------------------c---------------a--ll---l  -e---v---i-----l--------------------------------------------------------------------------------------------------------------------------------------------------------------------------------
0.949 	 0.949
Worked i=0 ctcloss=0.949194 bound=819.200039
2.422 	 2.422
3.867 	 3.867
2.118 	 2.118
1.500 	 1.500
1.277 	 1.277
1.167 	 1.167
1.080 	 1.080
0.941 	 0.941
0.801 	 0.801
call evil
----------------------------------------------c----------------a-ll---l  -e---v---i-----l--------------------------------------------------------------------------------------------------------------------------------------------------------------------------------
0.708 	 0.708
Worked i=0 ctcloss=0.708082 bound=655.360043
4.529 	 4.529
6.510 	 6.510
5.019 	 5.019
3.677 	 3.677
2.593 	 2.593
1.590 	 1.590
1.334 	 1.334
1.294 	 1.294
1.108 	 1.108
call evil
----------------------------------------------c----------------a-ll--ll  -e---v---i-----l--------------------------------------------------------------------------------------------------------------------------------------------------------------------------------
1.085 	 1.085
Worked i=0 ctcloss=1.085323 bound=524.288058
7.639 	 7.639
7.530 	 7.530
4.965 	 4.965
2.909 	 2.909
2.289 	 2.289
2.559 	 2.559
2.263 	 2.263
1.623 	 1.623
1.450 	 1.450
call evil
----------------------------------------------c----------------a-ll--ll  -e---v---i-----l--------------------------------------------------------------------------------------------------------------------------------------------------------------------------------
1.387 	 1.387
Worked i=0 ctcloss=1.386612 bound=419.430465
11.093 	 11.093
12.483 	 12.483
9.637 	 9.637
6.383 	 6.383
3.825 	 3.825
2.719 	 2.719
2.721 	 2.721
2.302 	 2.302
2.074 	 2.074
call evil
----------------------------------------------c----------------a-ll---l  -e---v---i-----l--------------------------------------------------------------------------------------------------------------------------------------------------------------------------------
1.913 	 1.913
Worked i=0 ctcloss=1.913434 bound=335.544378
22.963 	 22.963
9.919 	 9.919
6.499 	 6.499
4.727 	 4.727
3.854 	 3.854
3.358 	 3.358
3.374 	 3.374
2.765 	 2.765
3.083 	 3.083
coall evil
----------------------------------------------c-o-------------a--ll---l --e--vv---i-----l--------------------------------------------------------------------------------------------------------------------------------------------------------------------------------
2.997 	 2.997
2.368 	 2.368
2.267 	 2.267
1.976 	 1.976
1.984 	 1.984
1.825 	 1.825
1.715 	 1.715
1.654 	 1.654
1.532 	 1.532
1.449 	 1.449
call evil
----------------------------------------------c----------------a-ll---l  -e--v----i-----l--------------------------------------------------------------------------------------------------------------------------------------------------------------------------------
1.370 	 1.370
Worked i=0 ctcloss=1.369650 bound=268.435508
11.562 	 11.562
8.193 	 8.193
6.276 	 6.276
4.979 	 4.979
4.227 	 4.227
3.714 	 3.714
3.216 	 3.216
2.870 	 2.870
2.650 	 2.650
call evil
----------------------------------------------c----------------a--l---l --e--v----i-----l--------------------------------------------------------------------------------------------------------------------------------------------------------------------------------
2.461 	 2.461
Worked i=0 ctcloss=2.460500 bound=214.748412
208.647 	 208.647
145.066 	 145.066
36.605 	 36.605
17.538 	 17.538
9.611 	 9.611
7.927 	 7.927
7.000 	 7.000
6.321 	 6.321
5.482 	 5.482
cal evil
----------------------------------------------c----------------a------- --e--v----i-----l--------------------------------------------------------------------------------------------------------------------------------------------------------------------------------
5.260 	 5.260
4.429 	 4.429
4.755 	 4.755
4.224 	 4.224
3.859 	 3.859
3.520 	 3.520
3.171 	 3.171
2.997 	 2.997
2.922 	 2.922
2.759 	 2.759
call evil
----------------------------------------------c----------------a-ll---l --e--v----i-----l--------------------------------------------------------------------------------------------------------------------------------------------------------------------------------
2.654 	 2.654
Worked i=0 ctcloss=2.653974 bound=171.798736
190.324 	 190.324
167.860 	 167.860
108.965 	 108.965
48.789 	 48.789
23.648 	 23.648
14.320 	 14.320
12.141 	 12.141
10.589 	 10.589
8.609 	 8.609
coal evily
----------------------------------------------c-o--------------a------l --e--v----i-----l-y------------------------------------------------------------------------------------------------------------------------------------------------------------------------------
11.181 	 11.181
10.154 	 10.154
8.114 	 8.114
8.119 	 8.119
7.881 	 7.881
6.932 	 6.932
6.574 	 6.574
6.150 	 6.150
5.851 	 5.851
5.715 	 5.715
cal evil
----------------------------------------------c----------------a------l---e--v----i-----l--------------------------------------------------------------------------------------------------------------------------------------------------------------------------------
5.384 	 5.384
5.346 	 5.346
4.951 	 4.951
4.774 	 4.774
4.526 	 4.526
4.322 	 4.322
4.088 	 4.088
4.016 	 4.016
3.911 	 3.911
3.774 	 3.774
call evil
----------------------------------------------c----------------a------l --e--v----i-----l--------------------------------------------------------------------------------------------------------------------------------------------------------------------------------
3.657 	 3.657
Worked i=0 ctcloss=3.657274 bound=137.438998
203.248 	 203.248
186.459 	 186.459
159.721 	 159.721
98.875 	 98.875
68.488 	 68.488
51.368 	 51.368
43.989 	 43.989
34.194 	 34.194
22.106 	 22.106
elovl
---------------------------------------------------------------e------l--o--v-----------l--------------------------------------------------------------------------------------------------------------------------------------------------------------------------------
16.530 	 16.530
14.628 	 14.628
13.894 	 13.894
12.846 	 12.846
12.072 	 12.072
10.928 	 10.928
10.855 	 10.855
10.064 	 10.064
9.570 	 9.570
9.046 	 9.046
coalevil
----------------------------------------------c-o--------------a------ll-e---v----i-----l--------------------------------------------------------------------------------------------------------------------------------------------------------------------------------
8.665 	 8.665
8.173 	 8.173
7.769 	 7.769
7.464 	 7.464
7.674 	 7.674
7.433 	 7.433
7.177 	 7.177
8.371 	 8.371
7.988 	 7.988
6.923 	 6.923
calevil
----------------------------------------------c----------------a---------e---v----i--------------------------------------------------------------------------------------------------------------------------------------------------------------------------------------
7.128 	 7.128
6.577 	 6.577
6.914 	 6.914
7.338 	 7.338
6.948 	 6.948
6.399 	 6.399
6.435 	 6.435
6.818 	 6.818
6.506 	 6.506
5.748 	 5.748
cal evil
----------------------------------------------c---------------aa----------e--v----i-----l--------------------------------------------------------------------------------------------------------------------------------------------------------------------------------
5.997 	 5.997
5.968 	 5.968
5.599 	 5.599
6.578 	 6.578
7.034 	 7.034
6.230 	 6.230
5.761 	 5.761
5.311 	 5.311
5.364 	 5.364
5.145 	 5.145
callevil
----------------------------------------------c----------------a------l---e--v----i-----l--------------------------------------------------------------------------------------------------------------------------------------------------------------------------------
5.043 	 5.043
5.012 	 5.012
4.735 	 4.735
4.766 	 4.766
4.662 	 4.662
4.422 	 4.422
4.580 	 4.580
4.476 	 4.476
4.219 	 4.219
4.271 	 4.271
cal evil
----------------------------------------------c----------------a------- --e--v----i-----l--------------------------------------------------------------------------------------------------------------------------------------------------------------------------------
4.164 	 4.164
4.207 	 4.207
4.149 	 4.149
4.105 	 4.105
3.990 	 3.990
3.895 	 3.895
3.946 	 3.946
3.826 	 3.826
3.776 	 3.776
3.857 	 3.857
cal evil
----------------------------------------------c----------------a------l --e--v----i-----l--------------------------------------------------------------------------------------------------------------------------------------------------------------------------------
3.838 	 3.838
3.635 	 3.635
3.762 	 3.762
3.685 	 3.685
3.602 	 3.602
3.613 	 3.613
3.527 	 3.527
3.371 	 3.371
3.333 	 3.333
3.463 	 3.463
cal evil
----------------------------------------------c----------------a------- --e--v----i-----l--------------------------------------------------------------------------------------------------------------------------------------------------------------------------------
3.429 	 3.429
3.417 	 3.417
3.354 	 3.354
3.318 	 3.318
3.304 	 3.304
3.302 	 3.302
3.216 	 3.216
3.571 	 3.571
3.476 	 3.476
3.315 	 3.315
cal evil
----------------------------------------------c----------------a------- --e--v----i-----l--------------------------------------------------------------------------------------------------------------------------------------------------------------------------------
3.372 	 3.372
3.161 	 3.161
3.245 	 3.245
3.261 	 3.261
3.221 	 3.221
3.174 	 3.174
3.116 	 3.116
3.270 	 3.270
3.043 	 3.043
3.151 	 3.151
call evil
----------------------------------------------c----------------a------l --e--v----i-----l--------------------------------------------------------------------------------------------------------------------------------------------------------------------------------
3.209 	 3.209
Worked i=0 ctcloss=3.209100 bound=109.951198
242.044 	 242.044
230.905 	 230.905
212.076 	 212.076
195.323 	 195.323
179.099 	 179.099
168.205 	 168.205
157.347 	 157.347
140.970 	 140.970
115.651 	 115.651
cor relively od mantetit si
----------------------------------------------c-o----------- r-e------ll-i---v-----i----l--y-- ---o---d- -m-a---n----t-e-t-----i-----------t----------s------------------------------------------------------------------------------------------------------------------
78.290 	 78.290
71.418 	 71.418
67.928 	 67.928
65.855 	 65.855
63.575 	 63.575
61.818 	 61.818
59.299 	 59.299
58.612 	 58.612
59.196 	 59.196
58.175 	 58.175
coralavely o mantety
----------------------------------------------c--o-------------a-------l-a---v-----e-----l-y--  --o-------m-a----n---t--e-t----y-----------------------------------------------------------------------------------------------------------------------------------------
57.744 	 57.744
56.063 	 56.063
53.562 	 53.562
51.768 	 51.768
50.866 	 50.866
49.406 	 49.406
48.203 	 48.203
47.812 	 47.812
45.433 	 45.433
43.705 	 43.705
cora ovly od mantit
----------------------------------------------c-o--------------a------- -o---v-----------l-y--- --o---d---m-a----n---t-i-t-----------------------------------------------------------------------------------------------------------------------------------------------
40.788 	 40.788
34.395 	 34.395
26.331 	 26.331
20.939 	 20.939
19.212 	 19.212
17.794 	 17.794
17.109 	 17.109
16.793 	 16.793
16.368 	 16.368
16.090 	 16.090
coralovl
----------------------------------------------c-o--------------a------ll-o---v-----------l-------------------------------------------------------------------------------------------------------------------------------------------------------------------------------
15.354 	 15.354
14.711 	 14.711
14.076 	 14.076
13.767 	 13.767
13.197 	 13.197
12.694 	 12.694
12.578 	 12.578
12.333 	 12.333
11.875 	 11.875
11.586 	 11.586
coalovl
----------------------------------------------c-o--------------a---------o---v-----------l-------------------------------------------------------------------------------------------------------------------------------------------------------------------------------
11.341 	 11.341
10.987 	 10.987
10.839 	 10.839
10.563 	 10.563
10.489 	 10.489
10.142 	 10.142
10.272 	 10.272
9.960 	 9.960
9.671 	 9.671
9.486 	 9.486
calovl
----------------------------------------------c----------------a---------o---v-----------l-------------------------------------------------------------------------------------------------------------------------------------------------------------------------------
9.332 	 9.332
9.157 	 9.157
9.080 	 9.080
8.896 	 8.896
8.751 	 8.751
8.630 	 8.630
8.464 	 8.464
8.449 	 8.449
8.285 	 8.285
8.178 	 8.178
cal evl
----------------------------------------------c----------------a------l--e---v-----------l-------------------------------------------------------------------------------------------------------------------------------------------------------------------------------
8.105 	 8.105
8.020 	 8.020
8.111 	 8.111
7.983 	 7.983
7.762 	 7.762
7.722 	 7.722
7.661 	 7.661
7.664 	 7.664
7.689 	 7.689
7.503 	 7.503
cal evl
----------------------------------------------c----------------a---------e---v-----------l-------------------------------------------------------------------------------------------------------------------------------------------------------------------------------
7.438 	 7.438
7.515 	 7.515
7.470 	 7.470
7.292 	 7.292
7.343 	 7.343
7.230 	 7.230
7.527 	 7.527
7.461 	 7.461
7.143 	 7.143
7.242 	 7.242
cal evl
----------------------------------------------c----------------a---------e---v-----------l-------------------------------------------------------------------------------------------------------------------------------------------------------------------------------
7.177 	 7.177
7.133 	 7.133
7.140 	 7.140
7.010 	 7.010
7.085 	 7.085
6.960 	 6.960
6.919 	 6.919
6.901 	 6.901
6.836 	 6.836
6.873 	 6.873
cal evl
----------------------------------------------c----------------a---------e---v-----------l-------------------------------------------------------------------------------------------------------------------------------------------------------------------------------
6.852 	 6.852
6.750 	 6.750
6.810 	 6.810
6.791 	 6.791
6.735 	 6.735
6.643 	 6.643
6.615 	 6.615
6.583 	 6.583
6.574 	 6.574
6.568 	 6.568
cal evl
----------------------------------------------c----------------a---------e---v-----------l-------------------------------------------------------------------------------------------------------------------------------------------------------------------------------
6.641 	 6.641
6.543 	 6.543
6.538 	 6.538
6.562 	 6.562
6.558 	 6.558
6.595 	 6.595
6.577 	 6.577
6.505 	 6.505
6.435 	 6.435
6.405 	 6.405
cal evl
----------------------------------------------c----------------a------l--e---v-----------l-------------------------------------------------------------------------------------------------------------------------------------------------------------------------------
6.397 	 6.397
6.420 	 6.420
6.367 	 6.367
6.345 	 6.345
6.484 	 6.484
6.520 	 6.520
6.311 	 6.311
6.390 	 6.390
6.466 	 6.466
6.234 	 6.234
cal evl
----------------------------------------------c----------------a------l--e---v-----------l-------------------------------------------------------------------------------------------------------------------------------------------------------------------------------
6.435 	 6.435
6.260 	 6.260
6.272 	 6.272
6.255 	 6.255
6.244 	 6.244
6.260 	 6.260
6.154 	 6.154
6.169 	 6.169
6.140 	 6.140
6.124 	 6.124
cal evl
----------------------------------------------c----------------a---------e---v-----------l-------------------------------------------------------------------------------------------------------------------------------------------------------------------------------
6.167 	 6.167
6.127 	 6.127
6.217 	 6.217
6.274 	 6.274
6.152 	 6.152
6.127 	 6.127
6.068 	 6.068
6.066 	 6.066
6.112 	 6.112
6.097 	 6.097
cal evl
----------------------------------------------c----------------a------l--e---v-----------l-------------------------------------------------------------------------------------------------------------------------------------------------------------------------------
6.123 	 6.123
6.174 	 6.174
6.037 	 6.037
6.028 	 6.028
6.019 	 6.019
6.011 	 6.011
6.086 	 6.086
6.029 	 6.029
6.005 	 6.005
6.007 	 6.007
cal evl
----------------------------------------------c----------------a------l--e---v-----------l-------------------------------------------------------------------------------------------------------------------------------------------------------------------------------
5.968 	 5.968
5.971 	 5.971
6.067 	 6.067
6.121 	 6.121
5.925 	 5.925
6.099 	 6.099
6.039 	 6.039
6.002 	 6.002
5.974 	 5.974
6.001 	 6.001
calevl
----------------------------------------------c----------------a------l--e---v-----------l-------------------------------------------------------------------------------------------------------------------------------------------------------------------------------
5.969 	 5.969
5.942 	 5.942
5.990 	 5.990
5.902 	 5.902
5.982 	 5.982
5.991 	 5.991
5.936 	 5.936
5.912 	 5.912
5.880 	 5.880
5.848 	 5.848
cal evl
----------------------------------------------c----------------a------l--e---v-----------l-------------------------------------------------------------------------------------------------------------------------------------------------------------------------------
5.848 	 5.848
5.784 	 5.784
5.835 	 5.835
5.818 	 5.818
5.802 	 5.802
5.851 	 5.851
5.775 	 5.775
5.887 	 5.887
5.872 	 5.872
5.786 	 5.786
cal evl
----------------------------------------------c----------------a---------e---v-----------l-------------------------------------------------------------------------------------------------------------------------------------------------------------------------------
5.853 	 5.853
5.953 	 5.953
5.884 	 5.884
5.821 	 5.821
5.755 	 5.755
5.775 	 5.775
5.768 	 5.768
5.861 	 5.861
5.936 	 5.936
5.730 	 5.730
calevl
----------------------------------------------c----------------a---------e---v-----------l-------------------------------------------------------------------------------------------------------------------------------------------------------------------------------
6.022 	 6.022
5.992 	 5.992
5.773 	 5.773
6.244 	 6.244
6.166 	 6.166
5.981 	 5.981
5.895 	 5.895
5.937 	 5.937
5.858 	 5.858
5.872 	 5.872
cal evel
----------------------------------------------c----------------a------l--e---v-----e-----l-------------------------------------------------------------------------------------------------------------------------------------------------------------------------------
6.066 	 6.066
5.834 	 5.834
5.841 	 5.841
5.944 	 5.944
5.786 	 5.786
5.788 	 5.788
6.217 	 6.217
6.381 	 6.381
6.598 	 6.598
6.308 	 6.308
callevel
----------------------------------------------c----------------a------l--e---v-----e-----l-------------------------------------------------------------------------------------------------------------------------------------------------------------------------------
6.104 	 6.104
5.828 	 5.828
8.917 	 8.917
9.065 	 9.065
8.612 	 8.612
6.148 	 6.148
6.221 	 6.221
6.313 	 6.313
6.107 	 6.107
5.985 	 5.985
cal evl
----------------------------------------------c----------------a---------e---v-----------l-------------------------------------------------------------------------------------------------------------------------------------------------------------------------------
5.998 	 5.998
5.960 	 5.960
6.158 	 6.158
6.176 	 6.176
5.906 	 5.906
5.964 	 5.964
5.952 	 5.952
5.880 	 5.880
5.886 	 5.886
5.791 	 5.791
cal evl
----------------------------------------------c----------------a---------e---v-----------l-------------------------------------------------------------------------------------------------------------------------------------------------------------------------------
5.945 	 5.945
5.734 	 5.734
5.902 	 5.902
5.948 	 5.948
5.815 	 5.815
5.933 	 5.933
6.165 	 6.165
5.821 	 5.821
5.893 	 5.893
5.974 	 5.974
cal evl
----------------------------------------------c----------------a------l--e---v-----------l-------------------------------------------------------------------------------------------------------------------------------------------------------------------------------
5.839 	 5.839
5.974 	 5.974
6.095 	 6.095
5.869 	 5.869
6.003 	 6.003
6.184 	 6.184
5.917 	 5.917
5.846 	 5.846
5.899 	 5.899
5.782 	 5.782
cal evl
----------------------------------------------c----------------a------l--e---v-----------l-------------------------------------------------------------------------------------------------------------------------------------------------------------------------------
5.819 	 5.819
5.817 	 5.817
5.733 	 5.733
5.674 	 5.674
5.717 	 5.717
5.738 	 5.738
5.645 	 5.645
8.203 	 8.203
8.167 	 8.167
7.015 	 7.015
callevl
----------------------------------------------c----------------a------l--e---v-----------l-------------------------------------------------------------------------------------------------------------------------------------------------------------------------------
6.037 	 6.037
5.888 	 5.888
6.144 	 6.144
6.193 	 6.193
5.925 	 5.925
6.259 	 6.259
6.041 	 6.041
6.249 	 6.249
6.254 	 6.254
6.167 	 6.167
cal evl
----------------------------------------------c----------------a------l--e---v-----------l-------------------------------------------------------------------------------------------------------------------------------------------------------------------------------
5.975 	 5.975
6.009 	 6.009
6.077 	 6.077
5.993 	 5.993
5.894 	 5.894
5.839 	 5.839
5.842 	 5.842
5.850 	 5.850
5.764 	 5.764
5.707 	 5.707
cal evl
----------------------------------------------c----------------a------l--e---v-----------l-------------------------------------------------------------------------------------------------------------------------------------------------------------------------------
5.709 	 5.709
5.695 	 5.695
5.819 	 5.819
5.784 	 5.784
5.690 	 5.690
5.715 	 5.715
5.621 	 5.621
7.399 	 7.399
7.346 	 7.346
5.789 	 5.789
calevl
----------------------------------------------c----------------a------l--e---v-----------l-------------------------------------------------------------------------------------------------------------------------------------------------------------------------------
5.745 	 5.745
5.813 	 5.813
5.955 	 5.955
5.841 	 5.841
5.929 	 5.929
5.930 	 5.930
5.790 	 5.790
5.900 	 5.900
5.983 	 5.983
5.885 	 5.885
cal evl
----------------------------------------------c----------------a---------e---v-----------l-------------------------------------------------------------------------------------------------------------------------------------------------------------------------------
5.815 	 5.815
5.845 	 5.845
5.739 	 5.739
5.850 	 5.850
6.083 	 6.083
5.888 	 5.888
5.702 	 5.702
5.825 	 5.825
5.758 	 5.758
5.703 	 5.703
cal evl
----------------------------------------------c----------------a------l--e---v-----------l-------------------------------------------------------------------------------------------------------------------------------------------------------------------------------
5.803 	 5.803
5.674 	 5.674
5.690 	 5.690
5.671 	 5.671
5.730 	 5.730
5.781 	 5.781
5.629 	 5.629
5.694 	 5.694
5.595 	 5.595
5.588 	 5.588
cal evl
----------------------------------------------c----------------a------l--e---v-----------l-------------------------------------------------------------------------------------------------------------------------------------------------------------------------------
7.581 	 7.581
7.447 	 7.447
6.075 	 6.075
6.065 	 6.065
5.889 	 5.889
5.792 	 5.792
5.908 	 5.908
5.706 	 5.706
5.666 	 5.666
7.646 	 7.646
coal evily
----------------------------------------------c--o-------------a------l--e---v-----i-----l-y-----------------------------------------------------------------------------------------------------------------------------------------------------------------------------
7.273 	 7.273
6.557 	 6.557
6.437 	 6.437
6.220 	 6.220
5.895 	 5.895
6.120 	 6.120
6.125 	 6.125
6.058 	 6.058
5.907 	 5.907
5.940 	 5.940
callevl
----------------------------------------------c----------------a------l--e---v-----------l-------------------------------------------------------------------------------------------------------------------------------------------------------------------------------
5.895 	 5.895
5.740 	 5.740
7.016 	 7.016
7.713 	 7.713
6.504 	 6.504
5.729 	 5.729
5.887 	 5.887
5.991 	 5.991
5.762 	 5.762
5.876 	 5.876
calevl
----------------------------------------------c----------------a---------e---v-----------l-------------------------------------------------------------------------------------------------------------------------------------------------------------------------------
5.860 	 5.860
5.766 	 5.766
5.853 	 5.853
5.945 	 5.945
5.873 	 5.873
5.676 	 5.676
5.726 	 5.726
5.709 	 5.709
5.683 	 5.683
5.663 	 5.663
callevil
----------------------------------------------c----------------a------l--e---v-----i-----l-------------------------------------------------------------------------------------------------------------------------------------------------------------------------------
5.692 	 5.692
5.594 	 5.594
5.632 	 5.632
5.604 	 5.604
5.638 	 5.638
5.513 	 5.513
6.917 	 6.917
6.874 	 6.874
6.032 	 6.032
5.799 	 5.799
calevl
----------------------------------------------c----------------a------l--e---v-----------l-------------------------------------------------------------------------------------------------------------------------------------------------------------------------------
5.596 	 5.596
5.590 	 5.590
5.622 	 5.622
5.652 	 5.652
5.614 	 5.614
5.589 	 5.589
5.578 	 5.578
5.619 	 5.619
6.184 	 6.184
5.756 	 5.756
callevil
----------------------------------------------c----------------a------l--e---v-----i-----l-------------------------------------------------------------------------------------------------------------------------------------------------------------------------------
5.652 	 5.652
5.533 	 5.533
5.652 	 5.652
5.559 	 5.559
5.681 	 5.681
5.641 	 5.641
5.581 	 5.581
5.607 	 5.607
5.793 	 5.793
5.835 	 5.835
callevil
----------------------------------------------c----------------a------l--e---v-----i-----l-------------------------------------------------------------------------------------------------------------------------------------------------------------------------------
5.646 	 5.646
5.655 	 5.655
5.599 	 5.599
5.722 	 5.722
5.727 	 5.727
5.662 	 5.662
5.572 	 5.572
5.556 	 5.556
5.556 	 5.556
6.982 	 6.982
coal evil
----------------------------------------------c--o-------------a------l--e---v-----i-----l-------------------------------------------------------------------------------------------------------------------------------------------------------------------------------
6.779 	 6.779
5.969 	 5.969
5.867 	 5.867
5.623 	 5.623
5.590 	 5.590
5.609 	 5.609
5.605 	 5.605
5.563 	 5.563
5.608 	 5.608
5.599 	 5.599
cal evil
----------------------------------------------c----------------a---------e---v-----i-----l-------------------------------------------------------------------------------------------------------------------------------------------------------------------------------
5.606 	 5.606
5.629 	 5.629
5.547 	 5.547
5.495 	 5.495
5.469 	 5.469
5.465 	 5.465
5.535 	 5.535
5.451 	 5.451
5.670 	 5.670
5.563 	 5.563
cal evil
----------------------------------------------c----------------a---------e---v-----i-----l-------------------------------------------------------------------------------------------------------------------------------------------------------------------------------
5.591 	 5.591
5.566 	 5.566
5.715 	 5.715
5.474 	 5.474
5.497 	 5.497
5.636 	 5.636
5.594 	 5.594
5.609 	 5.609
5.498 	 5.498
5.543 	 5.543
callevil
----------------------------------------------c----------------a------l--e---v-----i-----l-------------------------------------------------------------------------------------------------------------------------------------------------------------------------------
5.643 	 5.643
5.578 	 5.578
5.597 	 5.597
5.523 	 5.523
5.475 	 5.475
5.534 	 5.534
5.454 	 5.454
5.638 	 5.638
5.675 	 5.675
5.429 	 5.429
cal evil
----------------------------------------------c----------------a------l--e---v-----i-----l-------------------------------------------------------------------------------------------------------------------------------------------------------------------------------
5.607 	 5.607
5.667 	 5.667
5.496 	 5.496
5.484 	 5.484
5.468 	 5.468
5.417 	 5.417
5.467 	 5.467
5.524 	 5.524
6.522 	 6.522
6.679 	 6.679
callevil
----------------------------------------------c----------------a------l--e---v-----i-----l-------------------------------------------------------------------------------------------------------------------------------------------------------------------------------
5.486 	 5.486
5.475 	 5.475
5.479 	 5.479
5.497 	 5.497
5.440 	 5.440
5.463 	 5.463
5.424 	 5.424
5.540 	 5.540
5.479 	 5.479
5.530 	 5.530
cal evil
----------------------------------------------c----------------a---------e---v-----i-----l-------------------------------------------------------------------------------------------------------------------------------------------------------------------------------
5.426 	 5.426
5.707 	 5.707
5.820 	 5.820
5.543 	 5.543
5.537 	 5.537
5.690 	 5.690
5.669 	 5.669
5.436 	 5.436
5.686 	 5.686
6.077 	 6.077
cal evl
----------------------------------------------c----------------a---------e---v-----------l-------------------------------------------------------------------------------------------------------------------------------------------------------------------------------
5.768 	 5.768
5.430 	 5.430
5.699 	 5.699
5.857 	 5.857
5.796 	 5.796
7.898 	 7.898
7.728 	 7.728
6.684 	 6.684
5.625 	 5.625
5.631 	 5.631
callevil
----------------------------------------------c----------------a------l--e---v-----i-----l-------------------------------------------------------------------------------------------------------------------------------------------------------------------------------
5.537 	 5.537
5.514 	 5.514
5.518 	 5.518
5.487 	 5.487
5.472 	 5.472
5.424 	 5.424
5.448 	 5.448
5.467 	 5.467
5.427 	 5.427
5.637 	 5.637
cal evl
----------------------------------------------c----------------a---------e---v-----------l-------------------------------------------------------------------------------------------------------------------------------------------------------------------------------
5.653 	 5.653
5.475 	 5.475
5.541 	 5.541
5.696 	 5.696
5.553 	 5.553
5.434 	 5.434
5.633 	 5.633
5.600 	 5.600
5.482 	 5.482
5.465 	 5.465
callevil
----------------------------------------------c----------------a------l--e---v-----i-----l-------------------------------------------------------------------------------------------------------------------------------------------------------------------------------
5.457 	 5.457
5.423 	 5.423
5.500 	 5.500
5.389 	 5.389
5.519 	 5.519
5.523 	 5.523
5.428 	 5.428
5.404 	 5.404
5.507 	 5.507
5.404 	 5.404
cal evil
----------------------------------------------c----------------a------l--e---v-----i-----l-------------------------------------------------------------------------------------------------------------------------------------------------------------------------------
5.444 	 5.444
5.536 	 5.536
5.384 	 5.384
5.359 	 5.359
5.418 	 5.418
5.329 	 5.329
5.413 	 5.413
5.440 	 5.440
5.313 	 5.313
5.512 	 5.512
cal evl
----------------------------------------------c----------------a---------e---v-----------l-------------------------------------------------------------------------------------------------------------------------------------------------------------------------------
5.737 	 5.737
5.575 	 5.575
5.296 	 5.296
5.337 	 5.337
5.404 	 5.404
5.298 	 5.298
5.428 	 5.428
5.307 	 5.307
5.508 	 5.508
5.449 	 5.449
cal evil
----------------------------------------------c----------------a---------e---v-----i-----l-------------------------------------------------------------------------------------------------------------------------------------------------------------------------------
5.298 	 5.298
5.581 	 5.581
5.330 	 5.330
5.442 	 5.442
5.373 	 5.373
5.343 	 5.343
5.479 	 5.479
5.402 	 5.402
5.385 	 5.385
5.289 	 5.289
callevil
----------------------------------------------c----------------a------l--e---v-----i-----l-------------------------------------------------------------------------------------------------------------------------------------------------------------------------------
5.405 	 5.405
5.469 	 5.469
5.330 	 5.330
5.423 	 5.423
5.460 	 5.460
5.379 	 5.379
5.694 	 5.694
5.747 	 5.747
5.483 	 5.483
5.386 	 5.386
calevil
----------------------------------------------c----------------a---------e---v-----i-----l-------------------------------------------------------------------------------------------------------------------------------------------------------------------------------
5.460 	 5.460
5.468 	 5.468
5.468 	 5.468
5.554 	 5.554
5.415 	 5.415
5.444 	 5.444
5.459 	 5.459
5.320 	 5.320
6.195 	 6.195
6.905 	 6.905
callevily
----------------------------------------------c----------------a------l--e---v-----i-----l-y-----------------------------------------------------------------------------------------------------------------------------------------------------------------------------
5.889 	 5.889
5.828 	 5.828
5.557 	 5.557
5.397 	 5.397
5.635 	 5.635
5.907 	 5.907
5.714 	 5.714
5.457 	 5.457
5.607 	 5.607
5.508 	 5.508
callevil
----------------------------------------------c----------------a------l--e---v-----i-----l-------------------------------------------------------------------------------------------------------------------------------------------------------------------------------
5.657 	 5.657
5.479 	 5.479
7.191 	 7.191
7.475 	 7.475
5.470 	 5.470
5.482 	 5.482
5.428 	 5.428
5.387 	 5.387
5.500 	 5.500
5.552 	 5.552
coal evil
----------------------------------------------c--o-------------a---------e---v-----i-----l-------------------------------------------------------------------------------------------------------------------------------------------------------------------------------
7.282 	 7.282
5.498 	 5.498
5.457 	 5.457
5.490 	 5.490
5.552 	 5.552
5.481 	 5.481
5.451 	 5.451
5.944 	 5.944
5.464 	 5.464
5.487 	 5.487
coal evil
----------------------------------------------c--o-------------a---------e---v-----i-----l-------------------------------------------------------------------------------------------------------------------------------------------------------------------------------
6.505 	 6.505
5.487 	 5.487
5.464 	 5.464
6.890 	 6.890
5.563 	 5.563
5.600 	 5.600
5.533 	 5.533
5.585 	 5.585
5.637 	 5.637
5.562 	 5.562
callevil
----------------------------------------------c----------------a------l--e---v-----i-----l-------------------------------------------------------------------------------------------------------------------------------------------------------------------------------
5.636 	 5.636
5.788 	 5.788
5.686 	 5.686
5.527 	 5.527
5.598 	 5.598
5.632 	 5.632
5.468 	 5.468
5.482 	 5.482
5.457 	 5.457
5.453 	 5.453
cal evil
----------------------------------------------c----------------a---------e---v-----i-----l-------------------------------------------------------------------------------------------------------------------------------------------------------------------------------
5.414 	 5.414
5.365 	 5.365
5.301 	 5.301
7.507 	 7.507
7.582 	 7.582
7.301 	 7.301
7.008 	 7.008
6.240 	 6.240
6.358 	 6.358
5.973 	 5.973
callevil
----------------------------------------------c----------------a------l--e---v----i-----l--------------------------------------------------------------------------------------------------------------------------------------------------------------------------------
5.878 	 5.878
5.728 	 5.728
5.773 	 5.773
5.510 	 5.510
5.901 	 5.901
5.956 	 5.956
5.964 	 5.964
5.913 	 5.913
5.631 	 5.631
5.639 	 5.639
calevil
----------------------------------------------c----------------a---------e---v----i-----l--------------------------------------------------------------------------------------------------------------------------------------------------------------------------------
5.693 	 5.693
5.565 	 5.565
5.402 	 5.402
5.786 	 5.786
5.740 	 5.740
5.737 	 5.737
5.487 	 5.487
5.253 	 5.253
5.408 	 5.408
5.529 	 5.529
calevil
----------------------------------------------c----------------a------l--e---v----i-----l--------------------------------------------------------------------------------------------------------------------------------------------------------------------------------
5.342 	 5.342
5.250 	 5.250
6.027 	 6.027
5.537 	 5.537
5.339 	 5.339
5.304 	 5.304
5.151 	 5.151
5.281 	 5.281
5.321 	 5.321
5.239 	 5.239
callevil
----------------------------------------------c----------------a------l--e---v----i-----l--------------------------------------------------------------------------------------------------------------------------------------------------------------------------------/u/zw9ga/.conda/envs/ml/lib/python3.6/site-packages/tensorflow/python/framework/dtypes.py:517: FutureWarning: Passing (type, 1) or '1type' as a synonym of type is deprecated; in a future version of numpy, it will be understood as (type, (1,)) / '(1,)type'.
  _np_qint8 = np.dtype([("qint8", np.int8, 1)])
/u/zw9ga/.conda/envs/ml/lib/python3.6/site-packages/tensorflow/python/framework/dtypes.py:518: FutureWarning: Passing (type, 1) or '1type' as a synonym of type is deprecated; in a future version of numpy, it will be understood as (type, (1,)) / '(1,)type'.
  _np_quint8 = np.dtype([("quint8", np.uint8, 1)])
/u/zw9ga/.conda/envs/ml/lib/python3.6/site-packages/tensorflow/python/framework/dtypes.py:519: FutureWarning: Passing (type, 1) or '1type' as a synonym of type is deprecated; in a future version of numpy, it will be understood as (type, (1,)) / '(1,)type'.
  _np_qint16 = np.dtype([("qint16", np.int16, 1)])
/u/zw9ga/.conda/envs/ml/lib/python3.6/site-packages/tensorflow/python/framework/dtypes.py:520: FutureWarning: Passing (type, 1) or '1type' as a synonym of type is deprecated; in a future version of numpy, it will be understood as (type, (1,)) / '(1,)type'.
  _np_quint16 = np.dtype([("quint16", np.uint16, 1)])
/u/zw9ga/.conda/envs/ml/lib/python3.6/site-packages/tensorflow/python/framework/dtypes.py:521: FutureWarning: Passing (type, 1) or '1type' as a synonym of type is deprecated; in a future version of numpy, it will be understood as (type, (1,)) / '(1,)type'.
  _np_qint32 = np.dtype([("qint32", np.int32, 1)])
/u/zw9ga/.conda/envs/ml/lib/python3.6/site-packages/tensorflow/python/framework/dtypes.py:526: FutureWarning: Passing (type, 1) or '1type' as a synonym of type is deprecated; in a future version of numpy, it will be understood as (type, (1,)) / '(1,)type'.
  np_resource = np.dtype([("resource", np.ubyte, 1)])

5.259 	 5.259
5.143 	 5.143
5.296 	 5.296
5.226 	 5.226
5.990 	 5.990
5.946 	 5.946
5.692 	 5.692
5.736 	 5.736
5.655 	 5.655
5.594 	 5.594
cal evil
----------------------------------------------c----------------a------l--e---v-----i-----l-------------------------------------------------------------------------------------------------------------------------------------------------------------------------------
5.530 	 5.530
6.061 	 6.061
5.814 	 5.814
5.440 	 5.440
5.438 	 5.438
7.011 	 7.011
5.882 	 5.882
5.424 	 5.424
5.412 	 5.412
6.293 	 6.293
cal evil
----------------------------------------------c----------------a---------e---v-----i-----l-------------------------------------------------------------------------------------------------------------------------------------------------------------------------------
5.484 	 5.484
5.678 	 5.678
5.608 	 5.608
5.444 	 5.444
5.537 	 5.537
5.590 	 5.590
5.546 	 5.546
5.514 	 5.514
5.463 	 5.463
5.489 	 5.489
Final distortion 137.43945
